0 Plant Flower Stem with Bar Holder, Bar, and 3 Stems
0 Name: 24855.dat
0 Author: 
0 BL_Item_No 24855
0 BFC CERTIFY CCW
3 16 -1.0364 7.3171 1.7951 -1.8053 7.3171 1.0423 -1.3545 8 2.3461
3 16 -1.3545 8 2.3461 -1.8053 7.3171 1.0423 -2.359 8 1.362
3 16 -1.0364 7.3171 1.7951 -1.3545 8 2.3461 0 7.3171 2.0846
3 16 0 7.3171 2.0846 -1.3545 8 2.3461 0 8 2.724
3 16 -2.0728 7.3171 0 -2.709 8 0 -1.8053 7.3171 1.0423
3 16 -1.8053 7.3171 1.0423 -2.709 8 0 -2.359 8 1.362
3 16 0 7.3171 0 -1.8053 7.3171 1.0423 -1.0364 7.3171 1.7951
3 16 0 7.3171 0 -1.0364 7.3171 1.7951 0 7.3171 2.0846
3 16 -1.8053 7.3171 1.0423 0 7.3171 0 -2.0728 7.3171 0
3 16 -3.5976 7.4281 2.0771 -3.5976 0 2.0771 -2.0657 7.4281 3.5779
3 16 -2.0657 7.4281 3.5779 -3.5976 0 2.0771 -2.0657 0 3.5779
3 16 -3.0964 8 1.7877 -1.7779 8 3.0795 -2.359 8 1.362
3 16 -2.359 8 1.362 -1.7779 8 3.0795 -1.3545 8 2.3461
3 16 -2.0657 0 3.5779 0 0 4.1542 -2.0657 7.4281 3.5779
3 16 -2.0657 7.4281 3.5779 0 0 4.1542 0 7.4281 4.1542
3 16 -1.3545 8 2.3461 -1.7779 8 3.0795 0 8 2.724
3 16 0 8 2.724 -1.7779 8 3.0795 0 8 3.5754
3 16 -4.1314 0 0 -3.5976 0 2.0771 -4.1314 7.4281 0
3 16 -4.1314 7.4281 0 -3.5976 0 2.0771 -3.5976 7.4281 2.0771
3 16 -2.709 8 0 -3.5559 8 0 -2.359 8 1.362
3 16 -2.359 8 1.362 -3.5559 8 0 -3.0964 8 1.7877
3 16 -3.5559 8 0 -4.1314 7.4281 0 -3.0964 8 1.7877
3 16 -3.0964 8 1.7877 -4.1314 7.4281 0 -3.5976 7.4281 2.0771
3 16 -1.7779 8 3.0795 -3.0964 8 1.7877 -2.0657 7.4281 3.5779
3 16 -2.0657 7.4281 3.5779 -3.0964 8 1.7877 -3.5976 7.4281 2.0771
3 16 -1.7779 8 3.0795 -2.0657 7.4281 3.5779 0 8 3.5754
3 16 0 8 3.5754 -2.0657 7.4281 3.5779 0 7.4281 4.1542
3 16 -1.3545 8 -2.3461 -1.7779 8 -3.0795 -2.359 8 -1.362
3 16 -2.359 8 -1.362 -1.7779 8 -3.0795 -3.0964 8 -1.7877
3 16 -3.5976 0 -2.0771 -3.5976 7.4281 -2.0771 -2.0657 0 -3.5779
3 16 -2.0657 0 -3.5779 -3.5976 7.4281 -2.0771 -2.0657 7.4281 -3.5779
3 16 -2.0657 0 -3.5779 -2.0657 7.4281 -3.5779 0 0 -4.1542
3 16 0 0 -4.1542 -2.0657 7.4281 -3.5779 0 7.4281 -4.1542
3 16 -1.3545 8 -2.3461 0 8 -2.724 -1.7779 8 -3.0795
3 16 -1.7779 8 -3.0795 0 8 -2.724 0 8 -3.5754
3 16 -4.1314 0 0 -4.1314 7.4281 0 -3.5976 0 -2.0771
3 16 -3.5976 0 -2.0771 -4.1314 7.4281 0 -3.5976 7.4281 -2.0771
3 16 -2.709 8 0 -2.359 8 -1.362 -3.5559 8 0
3 16 -3.5559 8 0 -2.359 8 -1.362 -3.0964 8 -1.7877
3 16 -3.5976 7.4281 -2.0771 -4.1314 7.4281 0 -3.0964 8 -1.7877
3 16 -3.0964 8 -1.7877 -4.1314 7.4281 0 -3.5559 8 0
3 16 -1.7779 8 -3.0795 -2.0657 7.4281 -3.5779 -3.0964 8 -1.7877
3 16 -3.0964 8 -1.7877 -2.0657 7.4281 -3.5779 -3.5976 7.4281 -2.0771
3 16 0 7.4281 -4.1542 -2.0657 7.4281 -3.5779 0 8 -3.5754
3 16 0 8 -3.5754 -2.0657 7.4281 -3.5779 -1.7779 8 -3.0795
3 16 0 8 -2.724 -1.3545 8 -2.3461 0 7.3171 -2.0846
3 16 0 7.3171 -2.0846 -1.3545 8 -2.3461 -1.0364 7.3171 -1.7951
3 16 -2.359 8 -1.362 -1.8053 7.3171 -1.0423 -1.3545 8 -2.3461
3 16 -1.3545 8 -2.3461 -1.8053 7.3171 -1.0423 -1.0364 7.3171 -1.7951
3 16 -2.359 8 -1.362 -2.709 8 0 -1.8053 7.3171 -1.0423
3 16 -1.8053 7.3171 -1.0423 -2.709 8 0 -2.0728 7.3171 0
3 16 1.3545 8 2.3461 1.7779 8 3.0795 2.359 8 1.362
3 16 2.359 8 1.362 1.7779 8 3.0795 3.0964 8 1.7877
3 16 3.5976 0 2.0771 3.5976 7.4281 2.0771 2.0657 0 3.5779
3 16 2.0657 0 3.5779 3.5976 7.4281 2.0771 2.0657 7.4281 3.5779
3 16 2.0657 0 3.5779 2.0657 7.4281 3.5779 0 0 4.1542
3 16 0 0 4.1542 2.0657 7.4281 3.5779 0 7.4281 4.1542
3 16 1.3545 8 2.3461 0 8 2.724 1.7779 8 3.0795
3 16 1.7779 8 3.0795 0 8 2.724 0 8 3.5754
3 16 4.1314 7.4281 0 3.5976 7.4281 2.0771 4.1314 0 0
3 16 4.1314 0 0 3.5976 7.4281 2.0771 3.5976 0 2.0771
3 16 2.709 8 0 2.359 8 1.362 3.5559 8 0
3 16 3.5559 8 0 2.359 8 1.362 3.0964 8 1.7877
3 16 3.5976 7.4281 2.0771 4.1314 7.4281 0 3.0964 8 1.7877
3 16 3.0964 8 1.7877 4.1314 7.4281 0 3.5559 8 0
3 16 1.7779 8 3.0795 2.0657 7.4281 3.5779 3.0964 8 1.7877
3 16 3.0964 8 1.7877 2.0657 7.4281 3.5779 3.5976 7.4281 2.0771
3 16 0 7.4281 4.1542 2.0657 7.4281 3.5779 0 8 3.5754
3 16 0 8 3.5754 2.0657 7.4281 3.5779 1.7779 8 3.0795
3 16 0 8 2.724 1.3545 8 2.3461 0 7.3171 2.0846
3 16 0 7.3171 2.0846 1.3545 8 2.3461 1.0364 7.3171 1.7951
3 16 2.359 8 1.362 1.8053 7.3171 1.0423 1.3545 8 2.3461
3 16 1.3545 8 2.3461 1.8053 7.3171 1.0423 1.0364 7.3171 1.7951
3 16 2.359 8 1.362 2.709 8 0 1.8053 7.3171 1.0423
3 16 1.8053 7.3171 1.0423 2.709 8 0 2.0728 7.3171 0
3 16 1.0364 7.3171 -1.7951 1.8053 7.3171 -1.0423 1.3545 8 -2.3461
3 16 1.3545 8 -2.3461 1.8053 7.3171 -1.0423 2.359 8 -1.362
3 16 0 8 -2.724 0 7.3171 -2.0846 1.3545 8 -2.3461
3 16 1.3545 8 -2.3461 0 7.3171 -2.0846 1.0364 7.3171 -1.7951
3 16 2.0728 7.3171 0 2.709 8 0 1.8053 7.3171 -1.0423
3 16 1.8053 7.3171 -1.0423 2.709 8 0 2.359 8 -1.362
3 16 0 7.3171 0 1.8053 7.3171 -1.0423 1.0364 7.3171 -1.7951
3 16 0 7.3171 -2.0846 0 7.3171 0 1.0364 7.3171 -1.7951
3 16 1.8053 7.3171 -1.0423 0 7.3171 0 2.0728 7.3171 0
3 16 3.5976 7.4281 -2.0771 3.5976 0 -2.0771 2.0657 7.4281 -3.5779
3 16 2.0657 7.4281 -3.5779 3.5976 0 -2.0771 2.0657 0 -3.5779
3 16 3.0964 8 -1.7877 1.7779 8 -3.0795 2.359 8 -1.362
3 16 2.359 8 -1.362 1.7779 8 -3.0795 1.3545 8 -2.3461
3 16 2.0657 0 -3.5779 0 0 -4.1542 2.0657 7.4281 -3.5779
3 16 2.0657 7.4281 -3.5779 0 0 -4.1542 0 7.4281 -4.1542
3 16 1.3545 8 -2.3461 1.7779 8 -3.0795 0 8 -2.724
3 16 0 8 -2.724 1.7779 8 -3.0795 0 8 -3.5754
3 16 4.1314 7.4281 0 4.1314 0 0 3.5976 7.4281 -2.0771
3 16 3.5976 7.4281 -2.0771 4.1314 0 0 3.5976 0 -2.0771
3 16 2.709 8 0 3.5559 8 0 2.359 8 -1.362
3 16 2.359 8 -1.362 3.5559 8 0 3.0964 8 -1.7877
3 16 3.5559 8 0 4.1314 7.4281 0 3.0964 8 -1.7877
3 16 3.0964 8 -1.7877 4.1314 7.4281 0 3.5976 7.4281 -2.0771
3 16 1.7779 8 -3.0795 3.0964 8 -1.7877 2.0657 7.4281 -3.5779
3 16 2.0657 7.4281 -3.5779 3.0964 8 -1.7877 3.5976 7.4281 -2.0771
3 16 1.7779 8 -3.0795 2.0657 7.4281 -3.5779 0 8 -3.5754
3 16 0 8 -3.5754 2.0657 7.4281 -3.5779 0 7.4281 -4.1542
3 16 -1.9354 -11.75 -3.8362 -3.8362 -11.75 -1.9354 -4.7125 -11.75 -3.9233
3 16 -4.7125 -11.75 -3.9233 -3.8362 -11.75 -1.9354 -5.5613 -11.75 -2.6435
3 16 -1.9354 -11.75 -3.8362 -1.0433 -11.75 -6.0019 0 -11.75 -4.3534
3 16 0 -11.75 -4.3534 -1.0433 -11.75 -6.0019 0.5794 -11.75 -6.1197
3 16 3.8362 -11.75 1.9354 5.0924 -11.75 3.4408 1.9354 -11.75 3.8362
3 16 1.9354 -11.75 3.8362 5.0924 -11.75 3.4408 3.1603 -11.75 5.4735
3 16 0 -11.75 4.3534 1.9354 -11.75 3.8362 0.5166 -11.75 6.1292
3 16 0.5166 -11.75 6.1292 1.9354 -11.75 3.8362 3.1603 -11.75 5.4735
3 16 3.8362 -11.75 -1.9354 1.9354 -11.75 -3.8362 5.0822 -11.75 -3.4565
3 16 5.0822 -11.75 -3.4565 1.9354 -11.75 -3.8362 3.1561 -11.75 -5.4648
3 16 4.3534 -11.75 0 3.8362 -11.75 -1.9354 5.7424 -11.75 -2.1117
3 16 5.7424 -11.75 -2.1117 3.8362 -11.75 -1.9354 5.0822 -11.75 -3.4565
3 16 -1.9354 -11.75 3.8362 -4.6989 -11.75 3.9146 -3.8362 -11.75 1.9354
3 16 -3.8362 -11.75 1.9354 -4.6989 -11.75 3.9146 -5.5996 -11.75 2.5909
3 16 -3.8362 -11.75 1.9354 -5.5996 -11.75 2.5909 -4.3534 -11.75 0
3 16 -4.3534 -11.75 0 -5.5996 -11.75 2.5909 -6.2615 -11.75 0.0012
3 16 -3.7308 -3 -1.8822 -4.2352 -3 0 -3.8362 -11.75 -1.9354
3 16 -3.8362 -11.75 -1.9354 -4.2352 -3 0 -4.3534 -11.75 0
3 16 -1.8822 -3 -3.7308 -3.7308 -3 -1.8822 -1.9354 -11.75 -3.8362
3 16 -1.9354 -11.75 -3.8362 -3.7308 -3 -1.8822 -3.8362 -11.75 -1.9354
3 16 0 -3 -4.2352 -1.8822 -3 -3.7308 0 -11.75 -4.3534
3 16 0 -11.75 -4.3534 -1.8822 -3 -3.7308 -1.9354 -11.75 -3.8362
3 16 3.7308 -3 1.8822 4.2352 -3 0 3.8362 -11.75 1.9354
3 16 3.8362 -11.75 1.9354 4.2352 -3 0 4.3534 -11.75 0
3 16 1.8822 -3 3.7308 3.7308 -3 1.8822 1.9354 -11.75 3.8362
3 16 1.9354 -11.75 3.8362 3.7308 -3 1.8822 3.8362 -11.75 1.9354
3 16 0 -3 4.2352 1.8822 -3 3.7308 0 -11.75 4.3534
3 16 0 -11.75 4.3534 1.8822 -3 3.7308 1.9354 -11.75 3.8362
3 16 1.8822 -3 -3.7308 0 -3 -4.2352 1.9354 -11.75 -3.8362
3 16 1.9354 -11.75 -3.8362 0 -3 -4.2352 0 -11.75 -4.3534
3 16 3.7308 -3 -1.8822 1.8822 -3 -3.7308 3.8362 -11.75 -1.9354
3 16 3.8362 -11.75 -1.9354 1.8822 -3 -3.7308 1.9354 -11.75 -3.8362
3 16 4.2352 -3 0 3.7308 -3 -1.8822 4.3534 -11.75 0
3 16 4.3534 -11.75 0 3.7308 -3 -1.8822 3.8362 -11.75 -1.9354
3 16 -1.8822 -3 3.7308 0 -3 4.2352 -1.9354 -11.75 3.8362
3 16 -1.9354 -11.75 3.8362 0 -3 4.2352 0 -11.75 4.3534
3 16 -3.7308 -3 1.8822 -1.8822 -3 3.7308 -3.8362 -11.75 1.9354
3 16 -3.8362 -11.75 1.9354 -1.8822 -3 3.7308 -1.9354 -11.75 3.8362
3 16 -4.3534 -11.75 0 -4.2352 -3 0 -3.8362 -11.75 1.9354
3 16 -3.8362 -11.75 1.9354 -4.2352 -3 0 -3.7308 -3 1.8822
3 16 0 -3 0 -1.8822 -3 3.7308 -3.7308 -3 1.8822
3 16 0 -3 0 0 -3 4.2352 -1.8822 -3 3.7308
3 16 0 -3 0 3.7308 -3 1.8822 1.8822 -3 3.7308
3 16 0 -3 0 4.2352 -3 0 3.7308 -3 1.8822
3 16 0 -3 0 1.8822 -3 -3.7308 3.7308 -3 -1.8822
3 16 0 -3 0 0 -3 -4.2352 1.8822 -3 -3.7308
3 16 0 -3 0 -3.7308 -3 -1.8822 -1.8822 -3 -3.7308
3 16 0 -3 0 -4.2352 -3 0 -3.7308 -3 -1.8822
3 16 0 -3 0 -3.7308 -3 1.8822 -4.2352 -3 0
3 16 0 -3 0 -1.8822 -3 -3.7308 0 -3 -4.2352
3 16 0 -3 0 3.7308 -3 -1.8822 4.2352 -3 0
3 16 0 -3 0 1.8822 -3 3.7308 0 -3 4.2352
3 16 -7.9248 -25.5057 13.6395 -8.3657 -26.1297 14.434 -9.9777 -25.1954 13.6114
3 16 -9.9777 -25.1954 13.6114 -8.3657 -26.1297 14.434 -10.1215 -25.6083 14.1997
3 16 -8.3657 -26.1297 14.434 -7.9248 -25.5057 13.6395 -7.1471 -25.5227 15.7117
3 16 -7.1471 -25.5227 15.7117 -7.9248 -25.5057 13.6395 -6.6097 -24.9335 15.4108
3 16 -7.1471 -25.5227 15.7117 -6.6097 -24.9335 15.4108 -7.3847 -24.3449 16.9309
3 16 -7.3847 -24.3449 16.9309 -6.6097 -24.9335 15.4108 -6.3343 -22.5492 15.8395
3 16 -8.4733 -23.4303 17.417 -7.3847 -24.3449 16.9309 -7.804 -21.781 16.8425
3 16 -7.804 -21.781 16.8425 -7.3847 -24.3449 16.9309 -6.3343 -22.5492 15.8395
3 16 -9.8101 -23.095 17.1493 -8.4733 -23.4303 17.417 -9.6186 -21.8146 16.7659
3 16 -9.6186 -21.8146 16.7659 -8.4733 -23.4303 17.417 -7.804 -21.781 16.8425
3 16 -10.1215 -25.6083 14.1997 -8.3657 -26.1297 14.434 -10.7869 -27.9509 15.5984
3 16 -10.7869 -27.9509 15.5984 -8.3657 -26.1297 14.434 -9.1804 -28.3604 15.8261
3 16 -7.1471 -25.5227 15.7117 -8.1479 -28.0008 17.0791 -8.3657 -26.1297 14.434
3 16 -8.3657 -26.1297 14.434 -8.1479 -28.0008 17.0791 -9.1804 -28.3604 15.8261
3 16 -7.3847 -24.3449 16.9309 -8.2709 -27.199 18.4416 -7.1471 -25.5227 15.7117
3 16 -7.1471 -25.5227 15.7117 -8.2709 -27.199 18.4416 -8.1479 -28.0008 17.0791
3 16 -8.2709 -27.199 18.4416 -7.3847 -24.3449 16.9309 -9.4051 -26.4414 19.1271
3 16 -9.4051 -26.4414 19.1271 -7.3847 -24.3449 16.9309 -8.4733 -23.4303 17.417
3 16 -9.8101 -23.095 17.1493 -10.8274 -26.1076 18.8762 -8.4733 -23.4303 17.417
3 16 -8.4733 -23.4303 17.417 -10.8274 -26.1076 18.8762 -9.4051 -26.4414 19.1271
3 16 -9.8101 -23.095 17.1493 -10.821 -23.4946 16.2266 -10.8274 -26.1076 18.8762
3 16 -10.8274 -26.1076 18.8762 -10.821 -23.4946 16.2266 -11.817 -26.3811 17.7982
3 16 -10.821 -23.4946 16.2266 -11.0318 -24.4578 15.0621 -11.817 -26.3811 17.7982
3 16 -11.817 -26.3811 17.7982 -11.0318 -24.4578 15.0621 -11.8684 -27.1197 16.444
3 16 -11.0318 -24.4578 15.0621 -10.1215 -25.6083 14.1997 -11.8684 -27.1197 16.444
3 16 -11.8684 -27.1197 16.444 -10.1215 -25.6083 14.1997 -10.7869 -27.9509 15.5984
3 16 -9.1804 -28.3604 15.8261 -9.5055 -29.0897 16.3812 -10.7869 -27.9509 15.5984
3 16 -10.7869 -27.9509 15.5984 -9.5055 -29.0897 16.3812 -11.0116 -28.7166 16.1584
3 16 -9.1804 -28.3604 15.8261 -8.1479 -28.0008 17.0791 -9.5055 -29.0897 16.3812
3 16 -9.5055 -29.0897 16.3812 -8.1479 -28.0008 17.0791 -8.5289 -28.7558 17.5476
3 16 -8.1479 -28.0008 17.0791 -8.2709 -27.199 18.4416 -8.5289 -28.7558 17.5476
3 16 -8.5289 -28.7558 17.5476 -8.2709 -27.199 18.4416 -8.6114 -27.9988 18.8408
3 16 -8.2709 -27.199 18.4416 -9.4051 -26.4414 19.1271 -8.6114 -27.9988 18.8408
3 16 -8.6114 -27.9988 18.8408 -9.4051 -26.4414 19.1271 -9.6724 -27.2429 19.5501
3 16 -10.8274 -26.1076 18.8762 -11.0783 -26.9125 19.2963 -9.4051 -26.4414 19.1271
3 16 -9.4051 -26.4414 19.1271 -11.0783 -26.9125 19.2963 -9.6724 -27.2429 19.5501
3 16 -10.8274 -26.1076 18.8762 -11.817 -26.3811 17.7982 -11.0783 -26.9125 19.2963
3 16 -11.0783 -26.9125 19.2963 -11.817 -26.3811 17.7982 -12.0689 -27.1883 18.2391
3 16 -11.8684 -27.1197 16.444 -12.0629 -27.9333 16.9318 -11.817 -26.3811 17.7982
3 16 -11.817 -26.3811 17.7982 -12.0629 -27.9333 16.9318 -12.0689 -27.1883 18.2391
3 16 -10.7869 -27.9509 15.5984 -11.0116 -28.7166 16.1584 -11.8684 -27.1197 16.444
3 16 -11.8684 -27.1197 16.444 -11.0116 -28.7166 16.1584 -12.0629 -27.9333 16.9318
3 16 -9.5055 -29.0897 16.3812 -9.9247 -29.2552 17.1268 -11.0116 -28.7166 16.1584
3 16 -11.0116 -28.7166 16.1584 -9.9247 -29.2552 17.1268 -10.9626 -29.0042 16.9874
3 16 -9.5055 -29.0897 16.3812 -8.5289 -28.7558 17.5476 -9.9247 -29.2552 17.1268
3 16 -9.9247 -29.2552 17.1268 -8.5289 -28.7558 17.5476 -9.2557 -29.031 17.9346
3 16 -8.5289 -28.7558 17.5476 -8.6114 -27.9988 18.8408 -9.2557 -29.031 17.9346
3 16 -9.2557 -29.031 17.9346 -8.6114 -27.9988 18.8408 -9.3083 -28.4995 18.8258
3 16 -8.6114 -27.9988 18.8408 -9.6724 -27.2429 19.5501 -9.3083 -28.4995 18.8258
3 16 -9.3083 -28.4995 18.8258 -9.6724 -27.2429 19.5501 -10.0363 -27.9612 19.3081
3 16 -9.6724 -27.2429 19.5501 -11.0783 -26.9125 19.2963 -10.0363 -27.9612 19.3081
3 16 -10.0363 -27.9612 19.3081 -11.0783 -26.9125 19.2963 -11.0163 -27.7389 19.1504
3 16 -12.0689 -27.1883 18.2391 -11.6903 -27.9337 18.4075 -11.0783 -26.9125 19.2963
3 16 -11.0783 -26.9125 19.2963 -11.6903 -27.9337 18.4075 -11.0163 -27.7389 19.1504
3 16 -12.0629 -27.9333 16.9318 -11.6834 -28.4608 17.5166 -12.0689 -27.1883 18.2391
3 16 -12.0689 -27.1883 18.2391 -11.6834 -28.4608 17.5166 -11.6903 -27.9337 18.4075
3 16 -12.0629 -27.9333 16.9318 -11.0116 -28.7166 16.1584 -11.6834 -28.4608 17.5166
3 16 -11.6834 -28.4608 17.5166 -11.0116 -28.7166 16.1584 -10.9626 -29.0042 16.9874
3 16 -9.9247 -29.2552 17.1268 -10.3422 -29.0415 17.8853 -10.9626 -29.0042 16.9874
3 16 -10.9626 -29.0042 16.9874 -10.3422 -29.0415 17.8853 -10.7269 -28.9314 17.8669
3 16 -9.9247 -29.2552 17.1268 -9.2557 -29.031 17.9346 -10.3422 -29.0415 17.8853
3 16 -10.3422 -29.0415 17.8853 -9.2557 -29.031 17.9346 -10.1214 -28.9512 18.2067
3 16 -9.3083 -28.4995 18.8258 -10.136 -28.7317 18.5408 -9.2557 -29.031 17.9346
3 16 -9.2557 -29.031 17.9346 -10.136 -28.7317 18.5408 -10.1214 -28.9512 18.2067
3 16 -9.3083 -28.4995 18.8258 -10.0363 -27.9612 19.3081 -10.136 -28.7317 18.5408
3 16 -10.136 -28.7317 18.5408 -10.0363 -27.9612 19.3081 -10.3999 -28.5304 18.724
3 16 -11.0163 -27.7389 19.1504 -10.7576 -28.4492 18.6557 -10.0363 -27.9612 19.3081
3 16 -10.0363 -27.9612 19.3081 -10.7576 -28.4492 18.6557 -10.3999 -28.5304 18.724
3 16 -11.6903 -27.9337 18.4075 -11.0044 -28.5123 18.3839 -11.0163 -27.7389 19.1504
3 16 -11.0163 -27.7389 19.1504 -11.0044 -28.5123 18.3839 -10.7576 -28.4492 18.6557
3 16 -11.6834 -28.4608 17.5166 -11.0019 -28.7198 18.0651 -11.6903 -27.9337 18.4075
3 16 -11.6903 -27.9337 18.4075 -11.0019 -28.7198 18.0651 -11.0044 -28.5123 18.3839
3 16 -11.6834 -28.4608 17.5166 -10.9626 -29.0042 16.9874 -11.0019 -28.7198 18.0651
3 16 -11.0019 -28.7198 18.0651 -10.9626 -29.0042 16.9874 -10.7269 -28.9314 17.8669
3 16 -10.3422 -29.0415 17.8853 -10.5647 -28.7143 18.2984 -10.7269 -28.9314 17.8669
3 16 -10.7269 -28.9314 17.8669 -10.5647 -28.7143 18.2984 -11.0019 -28.7198 18.0651
3 16 -10.3422 -29.0415 17.8853 -10.1214 -28.9512 18.2067 -10.5647 -28.7143 18.2984
3 16 -10.5647 -28.7143 18.2984 -10.1214 -28.9512 18.2067 -10.136 -28.7317 18.5408
3 16 -10.136 -28.7317 18.5408 -10.3999 -28.5304 18.724 -10.5647 -28.7143 18.2984
3 16 -10.5647 -28.7143 18.2984 -10.3999 -28.5304 18.724 -10.7576 -28.4492 18.6557
3 16 -11.0019 -28.7198 18.0651 -10.5647 -28.7143 18.2984 -11.0044 -28.5123 18.3839
3 16 -11.0044 -28.5123 18.3839 -10.5647 -28.7143 18.2984 -10.7576 -28.4492 18.6557
3 16 -3.2312 -12.0241 5.5611 -7.9248 -25.5057 13.6395 -5.0603 -11.6217 5.3207
3 16 -5.0603 -11.6217 5.3207 -7.9248 -25.5057 13.6395 -9.9777 -25.1954 13.6114
3 16 -6.5136 -10.9643 6.3443 -5.0603 -11.6217 5.3207 -10.5648 -22.6304 13.3586
3 16 -10.5648 -22.6304 13.3586 -5.0603 -11.6217 5.3207 -9.9777 -25.1954 13.6114
3 16 -6.5136 -10.9643 6.3443 -10.5648 -22.6304 13.3586 -6.6779 -10.2606 8.144
3 16 -6.6779 -10.2606 8.144 -10.5648 -22.6304 13.3586 -10.789 -21.9035 15.3281
3 16 -6.6779 -10.2606 8.144 -10.789 -21.9035 15.3281 -5.402 -9.9838 9.6257
3 16 -5.402 -9.9838 9.6257 -10.789 -21.9035 15.3281 -9.6186 -21.8146 16.7659
3 16 -3.4753 -10.371 9.7812 -5.402 -9.9838 9.6257 -7.804 -21.781 16.8425
3 16 -7.804 -21.781 16.8425 -5.402 -9.9838 9.6257 -9.6186 -21.8146 16.7659
3 16 -2.2186 -11.0587 8.7178 -3.4753 -10.371 9.7812 -6.3343 -22.5492 15.8395
3 16 -6.3343 -22.5492 15.8395 -3.4753 -10.371 9.7812 -7.804 -21.781 16.8425
3 16 -2.2186 -11.0587 8.7178 -6.3343 -22.5492 15.8395 -2.1309 -11.665 7.0069
3 16 -2.1309 -11.665 7.0069 -6.3343 -22.5492 15.8395 -6.6097 -24.9335 15.4108
3 16 -3.2312 -12.0241 5.5611 -2.1309 -11.665 7.0069 -7.9248 -25.5057 13.6395
3 16 -7.9248 -25.5057 13.6395 -2.1309 -11.665 7.0069 -6.6097 -24.9335 15.4108
3 16 -2.6102 -5.25 7.8256 -4.3123 -5.25 7.7505 -3.4753 -10.371 9.7812
3 16 -3.4753 -10.371 9.7812 -4.3123 -5.25 7.7505 -5.402 -9.9838 9.6257
3 16 -5.4814 -5.25 6.3903 -6.6779 -10.2606 8.144 -4.3123 -5.25 7.7505
3 16 -4.3123 -5.25 7.7505 -6.6779 -10.2606 8.144 -5.402 -9.9838 9.6257
3 16 -5.3153 -5.25 4.6295 -6.5136 -10.9643 6.3443 -5.4814 -5.25 6.3903
3 16 -5.4814 -5.25 6.3903 -6.5136 -10.9643 6.3443 -6.6779 -10.2606 8.144
3 16 -1.3258 -5.25 6.841 -2.2186 -11.0587 8.7178 -1.0765 -5.25 6.5169
3 16 -1.0765 -5.25 6.5169 -2.2186 -11.0587 8.7178 -2.1309 -11.665 7.0069
3 16 -1.3258 -5.25 6.841 -2.6102 -5.25 7.8256 -2.2186 -11.0587 8.7178
3 16 -2.2186 -11.0587 8.7178 -2.6102 -5.25 7.8256 -3.4753 -10.371 9.7812
3 16 -4.6989 -11.75 3.9146 -4.5906 -11.5257 4.7486 -4.9363 -5.25 3.8012
3 16 -4.9363 -5.25 3.8012 -4.5906 -11.5257 4.7486 -5.132 -5.25 4.2181
3 16 -3.2486 -5.25 5.6274 -1.4754 -5.25 6.0663 -3.0741 0 5.3247
3 16 -3.0741 0 5.3247 -1.4754 -5.25 6.0663 -1.0692 0 6.064
3 16 -1.9354 -11.75 3.8362 -1.0437 -11.75 6.0128 -2.9673 -11.75 5.1394
3 16 -1.9354 -11.75 3.8362 -2.9673 -11.75 5.1394 -4.6989 -11.75 3.9146
3 16 -4.3123 -5.25 7.7505 -2.6102 -5.25 7.8256 -3.7006 -5.25 6.5428
3 16 -1.3258 -5.25 6.841 -1.0765 -5.25 6.5169 -3.7006 -5.25 6.5428
3 16 -3.7006 -5.25 6.5428 -5.4814 -5.25 6.3903 -4.3123 -5.25 7.7505
3 16 -1.0765 -5.25 6.5169 -1.8616 -11.4879 6.322 -0.758 -5.25 6.1381
3 16 -0.758 -5.25 6.1381 -1.8616 -11.4879 6.322 -1.0437 -11.75 6.0128
3 16 -5.0603 -11.6217 5.3207 -4.5906 -11.5257 4.7486 -3.2312 -12.0241 5.5611
3 16 -3.2312 -12.0241 5.5611 -4.5906 -11.5257 4.7486 -3.0631 -11.8548 5.2972
3 16 -4.5906 -11.5257 4.7486 -5.0603 -11.6217 5.3207 -5.132 -5.25 4.2181
3 16 -2.1309 -11.665 7.0069 -3.2312 -12.0241 5.5611 -1.8616 -11.4879 6.322
3 16 -1.8616 -11.4879 6.322 -3.2312 -12.0241 5.5611 -3.0631 -11.8548 5.2972
3 16 -1.0437 -11.75 6.0128 -1.8616 -11.4879 6.322 -2.9673 -11.75 5.1394
3 16 -2.9673 -11.75 5.1394 -1.8616 -11.4879 6.322 -3.0631 -11.8548 5.2972
3 16 -4.6989 -11.75 3.9146 -2.9673 -11.75 5.1394 -4.5906 -11.5257 4.7486
3 16 -4.5906 -11.5257 4.7486 -2.9673 -11.75 5.1394 -3.0631 -11.8548 5.2972
3 16 -3.7006 -5.25 6.5428 -5.132 -5.25 4.2181 -5.3153 -5.25 4.6295
3 16 -9.8101 -23.095 17.1493 -9.6186 -21.8146 16.7659 -10.821 -23.4946 16.2266
3 16 -10.821 -23.4946 16.2266 -9.6186 -21.8146 16.7659 -10.789 -21.9035 15.3281
3 16 -10.5648 -22.6304 13.3586 -11.0318 -24.4578 15.0621 -10.789 -21.9035 15.3281
3 16 -10.789 -21.9035 15.3281 -11.0318 -24.4578 15.0621 -10.821 -23.4946 16.2266
3 16 -10.5648 -22.6304 13.3586 -9.9777 -25.1954 13.6114 -11.0318 -24.4578 15.0621
3 16 -11.0318 -24.4578 15.0621 -9.9777 -25.1954 13.6114 -10.1215 -25.6083 14.1997
3 16 20.4195 -33.6809 0.0473 21.3504 -34.3127 0.0238 21.3141 -33.4621 1.7224
3 16 21.3141 -33.4621 1.7224 21.3504 -34.3127 0.0238 21.9046 -33.88 1.5418
3 16 21.3504 -34.3127 0.0238 20.4195 -33.6809 0.0473 21.7504 -33.7735 -1.5175
3 16 21.7504 -33.7735 -1.5175 20.4195 -33.6809 0.0473 21.1838 -33.2017 -1.8693
3 16 21.7504 -33.7735 -1.5175 21.1838 -33.2017 -1.8693 22.8157 -32.6882 -2.0631
3 16 22.8157 -32.6882 -2.0631 21.1838 -33.2017 -1.8693 21.3446 -30.8924 -2.4246
3 16 23.8527 -31.7355 -1.4528 22.8157 -32.6882 -2.0631 23.0348 -30.0842 -1.7706
3 16 23.0348 -30.0842 -1.7706 22.8157 -32.6882 -2.0631 21.3446 -30.8924 -2.4246
3 16 24.3704 -31.3528 -0.0851 23.8527 -31.7355 -1.4528 23.949 -30.0794 -0.0579
3 16 23.949 -30.0794 -0.0579 23.8527 -31.7355 -1.4528 23.0348 -30.0842 -1.7706
3 16 21.9046 -33.88 1.5418 21.3504 -34.3127 0.0238 23.4143 -36.2583 1.4762
3 16 23.4143 -36.2583 1.4762 21.3504 -34.3127 0.0238 22.8656 -36.6293 0.035
3 16 21.7504 -33.7735 -1.5175 23.3791 -36.3061 -1.4189 21.3504 -34.3127 0.0238
3 16 21.3504 -34.3127 0.0238 23.3791 -36.3061 -1.4189 22.8656 -36.6293 0.035
3 16 22.8157 -32.6882 -2.0631 24.5674 -35.5422 -2.0448 21.7504 -33.7735 -1.5175
3 16 21.7504 -33.7735 -1.5175 24.5674 -35.5422 -2.0448 23.3791 -36.3061 -1.4189
3 16 24.5674 -35.5422 -2.0448 22.8157 -32.6882 -2.0631 25.7668 -34.7621 -1.465
3 16 25.7668 -34.7621 -1.465 22.8157 -32.6882 -2.0631 23.8527 -31.7355 -1.4528
3 16 24.3704 -31.3528 -0.0851 26.2973 -34.4055 -0.0637 23.8527 -31.7355 -1.4528
3 16 23.8527 -31.7355 -1.4528 26.2973 -34.4055 -0.0637 25.7668 -34.7621 -1.465
3 16 24.3704 -31.3528 -0.0851 24.011 -31.7917 1.3461 26.2973 -34.4055 -0.0637
3 16 26.2973 -34.4055 -0.0637 24.011 -31.7917 1.3461 25.8236 -34.7004 1.3786
3 16 24.011 -31.7917 1.3461 23.0227 -32.8016 2.0373 25.8236 -34.7004 1.3786
3 16 25.8236 -34.7004 1.3786 23.0227 -32.8016 2.0373 24.6358 -35.4633 2.0437
3 16 23.0227 -32.8016 2.0373 21.9046 -33.88 1.5418 24.6358 -35.4633 2.0437
3 16 24.6358 -35.4633 2.0437 21.9046 -33.88 1.5418 23.4143 -36.2583 1.4762
3 16 22.8656 -36.6293 0.035 23.4575 -37.3518 0.0396 23.4143 -36.2583 1.4762
3 16 23.4143 -36.2583 1.4762 23.4575 -37.3518 0.0396 23.987 -37.0069 1.4035
3 16 22.8656 -36.6293 0.035 23.3791 -36.3061 -1.4189 23.4575 -37.3518 0.0396
3 16 23.4575 -37.3518 0.0396 23.3791 -36.3061 -1.4189 23.9478 -37.0499 -1.3408
3 16 23.3791 -36.3061 -1.4189 24.5674 -35.5422 -2.0448 23.9478 -37.0499 -1.3408
3 16 23.9478 -37.0499 -1.3408 24.5674 -35.5422 -2.0448 25.0789 -36.3343 -1.9404
3 16 24.5674 -35.5422 -2.0448 25.7668 -34.7621 -1.465 25.0789 -36.3343 -1.9404
3 16 25.0789 -36.3343 -1.9404 25.7668 -34.7621 -1.465 26.2409 -35.586 -1.4095
3 16 26.2973 -34.4055 -0.0637 26.7393 -35.2508 -0.0545 25.7668 -34.7621 -1.465
3 16 25.7668 -34.7621 -1.465 26.7393 -35.2508 -0.0545 26.2409 -35.586 -1.4095
3 16 26.2973 -34.4055 -0.0637 25.8236 -34.7004 1.3786 26.7393 -35.2508 -0.0545
3 16 26.7393 -35.2508 -0.0545 25.8236 -34.7004 1.3786 26.2992 -35.5313 1.3393
3 16 24.6358 -35.4633 2.0437 25.1479 -36.2659 1.9477 25.8236 -34.7004 1.3786
3 16 25.8236 -34.7004 1.3786 25.1479 -36.2659 1.9477 26.2992 -35.5313 1.3393
3 16 23.4143 -36.2583 1.4762 23.987 -37.0069 1.4035 24.6358 -35.4633 2.0437
3 16 24.6358 -35.4633 2.0437 23.987 -37.0069 1.4035 25.1479 -36.2659 1.9477
3 16 23.4575 -37.3518 0.0396 24.2589 -37.5199 0.0305 23.987 -37.0069 1.4035
3 16 23.987 -37.0069 1.4035 24.2589 -37.5199 0.0305 24.6458 -37.2859 0.9724
3 16 23.4575 -37.3518 0.0396 23.9478 -37.0499 -1.3408 24.2589 -37.5199 0.0305
3 16 24.2589 -37.5199 0.0305 23.9478 -37.0499 -1.3408 24.6143 -37.3161 -0.9266
3 16 25.0789 -36.3343 -1.9404 25.4051 -36.8209 -1.3341 23.9478 -37.0499 -1.3408
3 16 23.9478 -37.0499 -1.3408 25.4051 -36.8209 -1.3341 24.6143 -37.3161 -0.9266
3 16 26.2409 -35.586 -1.4095 26.1948 -36.301 -0.9591 25.0789 -36.3343 -1.9404
3 16 25.0789 -36.3343 -1.9404 26.1948 -36.301 -0.9591 25.4051 -36.8209 -1.3341
3 16 26.2409 -35.586 -1.4095 26.7393 -35.2508 -0.0545 26.1948 -36.301 -0.9591
3 16 26.1948 -36.301 -0.9591 26.7393 -35.2508 -0.0545 26.5499 -36.0806 -0.0345
3 16 26.2992 -35.5313 1.3393 26.2349 -36.2693 0.9144 26.7393 -35.2508 -0.0545
3 16 26.7393 -35.2508 -0.0545 26.2349 -36.2693 0.9144 26.5499 -36.0806 -0.0345
3 16 26.2992 -35.5313 1.3393 25.1479 -36.2659 1.9477 26.2349 -36.2693 0.9144
3 16 26.2349 -36.2693 0.9144 25.1479 -36.2659 1.9477 25.4532 -36.775 1.3365
3 16 25.1479 -36.2659 1.9477 23.987 -37.0069 1.4035 25.4532 -36.775 1.3365
3 16 25.4532 -36.775 1.3365 23.987 -37.0069 1.4035 24.6458 -37.2859 0.9724
3 16 24.2589 -37.5199 0.0305 25.1043 -37.3371 0.0134 24.6458 -37.2859 0.9724
3 16 24.6458 -37.2859 0.9724 25.1043 -37.3371 0.0134 25.2778 -37.2245 0.3452
3 16 24.2589 -37.5199 0.0305 24.6143 -37.3161 -0.9266 25.1043 -37.3371 0.0134
3 16 25.1043 -37.3371 0.0134 24.6143 -37.3161 -0.9266 25.2712 -37.2479 -0.3281
3 16 25.4051 -36.8209 -1.3341 25.5659 -37.0441 -0.484 24.6143 -37.3161 -0.9266
3 16 24.6143 -37.3161 -0.9266 25.5659 -37.0441 -0.484 25.2712 -37.2479 -0.3281
3 16 25.4051 -36.8209 -1.3341 26.1948 -36.301 -0.9591 25.5659 -37.0441 -0.484
3 16 25.5659 -37.0441 -0.484 26.1948 -36.301 -0.9591 25.8607 -36.8573 -0.3508
3 16 26.5499 -36.0806 -0.0345 25.9788 -36.7754 -0.0114 26.1948 -36.301 -0.9591
3 16 26.1948 -36.301 -0.9591 25.9788 -36.7754 -0.0114 25.8607 -36.8573 -0.3508
3 16 26.2349 -36.2693 0.9144 25.8651 -36.836 0.3332 26.5499 -36.0806 -0.0345
3 16 26.5499 -36.0806 -0.0345 25.8651 -36.836 0.3332 25.9788 -36.7754 -0.0114
3 16 26.2349 -36.2693 0.9144 25.4532 -36.775 1.3365 25.8651 -36.836 0.3332
3 16 25.8651 -36.836 0.3332 25.4532 -36.775 1.3365 25.585 -37.0298 0.4865
3 16 25.4532 -36.775 1.3365 24.6458 -37.2859 0.9724 25.585 -37.0298 0.4865
3 16 25.585 -37.0298 0.4865 24.6458 -37.2859 0.9724 25.2778 -37.2245 0.3452
3 16 25.1043 -37.3371 0.0134 25.5691 -37.0248 0 25.2778 -37.2245 0.3452
3 16 25.2778 -37.2245 0.3452 25.5691 -37.0248 0 25.585 -37.0298 0.4865
3 16 25.1043 -37.3371 0.0134 25.2712 -37.2479 -0.3281 25.5691 -37.0248 0
3 16 25.5691 -37.0248 0 25.2712 -37.2479 -0.3281 25.5659 -37.0441 -0.484
3 16 25.5659 -37.0441 -0.484 25.8607 -36.8573 -0.3508 25.5691 -37.0248 0
3 16 25.5691 -37.0248 0 25.8607 -36.8573 -0.3508 25.9788 -36.7754 -0.0114
3 16 25.585 -37.0298 0.4865 25.5691 -37.0248 0 25.8651 -36.836 0.3332
3 16 25.8651 -36.836 0.3332 25.5691 -37.0248 0 25.9788 -36.7754 -0.0114
3 16 6.406 -12.055 0.0182 20.4195 -33.6809 0.0473 7.1301 -11.6355 1.7376
3 16 7.1301 -11.6355 1.7376 20.4195 -33.6809 0.0473 21.3141 -33.4621 1.7224
3 16 8.7511 -10.9644 2.4631 7.1301 -11.6355 1.7376 21.3124 -30.9739 2.4685
3 16 21.3124 -30.9739 2.4685 7.1301 -11.6355 1.7376 21.3141 -33.4621 1.7224
3 16 8.7511 -10.9644 2.4631 21.3124 -30.9739 2.4685 10.3645 -10.2751 1.6824
3 16 10.3645 -10.2751 1.6824 21.3124 -30.9739 2.4685 23.2137 -30.2094 1.7792
3 16 10.3645 -10.2751 1.6824 23.2137 -30.2094 1.7792 10.9883 -10.0097 -0.1313
3 16 10.9883 -10.0097 -0.1313 23.2137 -30.2094 1.7792 23.949 -30.0794 -0.0579
3 16 10.1876 -10.3821 -1.8548 10.9883 -10.0097 -0.1313 23.0348 -30.0842 -1.7706
3 16 23.0348 -30.0842 -1.7706 10.9883 -10.0097 -0.1313 23.949 -30.0794 -0.0579
3 16 8.6588 -11.0588 -2.4436 10.1876 -10.3821 -1.8548 21.3446 -30.8924 -2.4246
3 16 21.3446 -30.8924 -2.4246 10.1876 -10.3821 -1.8548 23.0348 -30.0842 -1.7706
3 16 8.6588 -11.0588 -2.4436 21.3446 -30.8924 -2.4246 7.1217 -11.6842 -1.6795
3 16 7.1217 -11.6842 -1.6795 21.3446 -30.8924 -2.4246 21.1838 -33.2017 -1.8693
3 16 6.406 -12.055 0.0182 7.1217 -11.6842 -1.6795 20.4195 -33.6809 0.0473
3 16 20.4195 -33.6809 0.0473 7.1217 -11.6842 -1.6795 21.1838 -33.2017 -1.8693
3 16 8.0822 -5.25 -1.6523 8.8683 -5.25 -0.1407 10.1876 -10.3821 -1.8548
3 16 10.1876 -10.3821 -1.8548 8.8683 -5.25 -0.1407 10.9883 -10.0097 -0.1313
3 16 8.2749 -5.25 1.5519 10.3645 -10.2751 1.6824 8.8683 -5.25 -0.1407
3 16 8.8683 -5.25 -0.1407 10.3645 -10.2751 1.6824 10.9883 -10.0097 -0.1313
3 16 6.6669 -5.25 2.2884 8.7511 -10.9644 2.4631 8.2749 -5.25 1.5519
3 16 8.2749 -5.25 1.5519 8.7511 -10.9644 2.4631 10.3645 -10.2751 1.6824
3 16 6.5873 -5.25 -2.2723 8.6588 -11.0588 -2.4436 6.182 -5.25 -2.3262
3 16 6.182 -5.25 -2.3262 8.6588 -11.0588 -2.4436 7.1217 -11.6842 -1.6795
3 16 6.5873 -5.25 -2.2723 8.0822 -5.25 -1.6523 8.6588 -11.0588 -2.4436
3 16 8.6588 -11.0588 -2.4436 8.0822 -5.25 -1.6523 10.1876 -10.3821 -1.8548
3 16 5.7313 -11.75 2.106 6.4054 -11.4985 1.5869 5.7253 -5.25 2.3254
3 16 5.7253 -5.25 2.3254 6.4054 -11.4985 1.5869 6.219 -5.25 2.3353
3 16 6.4618 -5.25 -0.0002 5.9698 -5.25 -1.7492 6.163 0 0
3 16 6.163 0 0 5.9698 -5.25 -1.7492 5.7806 0 -2.1038
3 16 4.3534 -11.75 0 5.7313 -11.75 2.106 3.8362 -11.75 1.9354
3 16 3.8362 -11.75 1.9354 5.7313 -11.75 2.106 5.0924 -11.75 3.4408
3 16 4.3534 -11.75 0 5.7424 -11.75 -2.1117 5.9343 -11.75 0
3 16 4.3534 -11.75 0 5.9343 -11.75 0 5.7313 -11.75 2.106
3 16 8.8683 -5.25 -0.1407 8.0822 -5.25 -1.6523 7.5165 -5.25 -0.0666
3 16 6.182 -5.25 -2.3262 7.5165 -5.25 -0.0666 6.5873 -5.25 -2.2723
3 16 7.5165 -5.25 -0.0666 6.219 -5.25 2.3353 6.6669 -5.25 2.2884
3 16 7.5165 -5.25 -0.0666 8.2749 -5.25 1.5519 8.8683 -5.25 -0.1407
3 16 6.182 -5.25 -2.3262 6.4061 -11.4913 -1.5506 5.6894 -5.25 -2.4042
3 16 5.6894 -5.25 -2.4042 6.4061 -11.4913 -1.5506 5.7424 -11.75 -2.1117
3 16 7.1301 -11.6355 1.7376 6.4054 -11.4985 1.5869 6.406 -12.055 0.0182
3 16 6.406 -12.055 0.0182 6.4054 -11.4985 1.5869 6.119 -11.8553 0.0042
3 16 6.4054 -11.4985 1.5869 7.1301 -11.6355 1.7376 6.219 -5.25 2.3353
3 16 7.1217 -11.6842 -1.6795 6.406 -12.055 0.0182 6.4061 -11.4913 -1.5506
3 16 6.4061 -11.4913 -1.5506 6.406 -12.055 0.0182 6.119 -11.8553 0.0042
3 16 5.7424 -11.75 -2.1117 6.4061 -11.4913 -1.5506 5.9343 -11.75 0
3 16 5.9343 -11.75 0 6.4061 -11.4913 -1.5506 6.119 -11.8553 0.0042
3 16 5.7313 -11.75 2.106 5.9343 -11.75 0 6.4054 -11.4985 1.5869
3 16 6.4054 -11.4985 1.5869 5.9343 -11.75 0 6.119 -11.8553 0.0042
3 16 24.3704 -31.3528 -0.0851 23.949 -30.0794 -0.0579 24.011 -31.7917 1.3461
3 16 24.011 -31.7917 1.3461 23.949 -30.0794 -0.0579 23.2137 -30.2094 1.7792
3 16 21.3124 -30.9739 2.4685 23.0227 -32.8016 2.0373 23.2137 -30.2094 1.7792
3 16 23.2137 -30.2094 1.7792 23.0227 -32.8016 2.0373 24.011 -31.7917 1.3461
3 16 21.3124 -30.9739 2.4685 21.3141 -33.4621 1.7224 23.0227 -32.8016 2.0373
3 16 23.0227 -32.8016 2.0373 21.3141 -33.4621 1.7224 21.9046 -33.88 1.5418
3 16 3.0741 0 -5.3247 4.7088 0 -3.9511 3.1561 -11.75 -5.4648
3 16 3.1561 -11.75 -5.4648 4.7088 0 -3.9511 5.0822 -11.75 -3.4565
3 16 0.5166 -11.75 6.1292 3.1603 -11.75 5.4735 1.0692 0 6.064
3 16 1.0692 0 6.064 3.1603 -11.75 5.4735 3.0741 0 5.3247
3 16 -5.5613 -11.75 -2.6435 -6.2615 -11.75 0.0012 -5.7812 0 -2.104
3 16 -5.7812 0 -2.104 -6.2615 -11.75 0.0012 -6.2615 0 0
3 16 -6.2615 -11.75 0.0012 -5.5613 -11.75 -2.6435 -4.3534 -11.75 0
3 16 -4.3534 -11.75 0 -5.5613 -11.75 -2.6435 -3.8362 -11.75 -1.9354
3 16 -9.1107 -29.5723 -15.8721 -9.582 -30.2168 -16.6464 -8.0989 -29.3276 -17.524
3 16 -8.0989 -29.3276 -17.524 -9.582 -30.2168 -16.6464 -8.5395 -29.748 -17.9439
3 16 -9.582 -30.2168 -16.6464 -9.1107 -29.5723 -15.8721 -11.1742 -29.646 -16.2389
3 16 -11.1742 -29.646 -16.2389 -9.1107 -29.5723 -15.8721 -11.2051 -29.0856 -15.5609
3 16 -11.1742 -29.646 -16.2389 -11.2051 -29.0856 -15.5609 -12.1581 -28.5358 -16.9346
3 16 -12.1581 -28.5358 -16.9346 -11.2051 -29.0856 -15.5609 -11.7322 -26.7399 -15.4812
3 16 -12.0752 -27.6098 -18.1229 -12.1581 -28.5358 -16.9346 -11.9423 -25.9536 -17.2591
3 16 -11.9423 -25.9536 -17.2591 -12.1581 -28.5358 -16.9346 -11.7322 -26.7399 -15.4812
3 16 -11.1711 -27.2558 -19.1862 -12.0752 -27.6098 -18.1229 -10.9318 -25.9814 -18.8249
3 16 -10.9318 -25.9814 -18.8249 -12.0752 -27.6098 -18.1229 -11.9423 -25.9536 -17.2591
3 16 -8.5395 -29.748 -17.9439 -9.582 -30.2168 -16.6464 -9.3535 -32.1235 -19.2166
3 16 -9.3535 -32.1235 -19.2166 -9.582 -30.2168 -16.6464 -10.3416 -32.5112 -17.9837
3 16 -11.1742 -29.646 -16.2389 -11.8966 -32.1713 -17.7081 -9.582 -30.2168 -16.6464
3 16 -9.582 -30.2168 -16.6464 -11.8966 -32.1713 -17.7081 -10.3416 -32.5112 -17.9837
3 16 -12.1581 -28.5358 -16.9346 -13.0248 -31.39 -18.4571 -11.1742 -29.646 -16.2389
3 16 -11.1742 -29.646 -16.2389 -13.0248 -31.39 -18.4571 -11.8966 -32.1713 -17.7081
3 16 -13.0248 -31.39 -18.4571 -12.1581 -28.5358 -16.9346 -13.0918 -30.6194 -19.7845
3 16 -13.0918 -30.6194 -19.7845 -12.1581 -28.5358 -16.9346 -12.0752 -27.6098 -18.1229
3 16 -11.1711 -27.2558 -19.1862 -12.1517 -30.2726 -20.9216 -12.0752 -27.6098 -18.1229
3 16 -12.0752 -27.6098 -18.1229 -12.1517 -30.2726 -20.9216 -13.0918 -30.6194 -19.7845
3 16 -11.1711 -27.2558 -19.1862 -9.828 -27.6725 -19.5888 -12.1517 -30.2726 -20.9216
3 16 -12.1517 -30.2726 -20.9216 -9.828 -27.6725 -19.5888 -10.6896 -30.5573 -21.238
3 16 -9.828 -27.6725 -19.5888 -8.7308 -28.6488 -19.1498 -10.6896 -30.5573 -21.238
3 16 -10.6896 -30.5573 -21.238 -8.7308 -28.6488 -19.1498 -9.504 -31.3109 -20.5692
3 16 -8.7308 -28.6488 -19.1498 -8.5395 -29.748 -17.9439 -9.504 -31.3109 -20.5692
3 16 -9.504 -31.3109 -20.5692 -8.5395 -29.748 -17.9439 -9.3535 -32.1235 -19.2166
3 16 -10.3416 -32.5112 -17.9837 -10.6488 -33.2282 -18.524 -9.3535 -32.1235 -19.2166
3 16 -9.3535 -32.1235 -19.2166 -10.6488 -33.2282 -18.524 -9.7208 -32.8744 -19.6831
3 16 -10.3416 -32.5112 -17.9837 -11.8966 -32.1713 -17.7081 -10.6488 -33.2282 -18.524
3 16 -10.6488 -33.2282 -18.524 -11.8966 -32.1713 -17.7081 -12.1089 -32.9134 -18.2609
3 16 -11.8966 -32.1713 -17.7081 -13.0248 -31.39 -18.4571 -12.1089 -32.9134 -18.2609
3 16 -12.1089 -32.9134 -18.2609 -13.0248 -31.39 -18.4571 -13.186 -32.1824 -18.9549
3 16 -13.0248 -31.39 -18.4571 -13.0918 -30.6194 -19.7845 -13.186 -32.1824 -18.9549
3 16 -13.186 -32.1824 -18.9549 -13.0918 -30.6194 -19.7845 -13.2925 -31.434 -20.2225
3 16 -12.1517 -30.2726 -20.9216 -12.3717 -31.1021 -21.3195 -13.0918 -30.6194 -19.7845
3 16 -13.0918 -30.6194 -19.7845 -12.3717 -31.1021 -21.3195 -13.2925 -31.434 -20.2225
3 16 -12.1517 -30.2726 -20.9216 -10.6896 -30.5573 -21.238 -12.3717 -31.1021 -21.3195
3 16 -12.3717 -31.1021 -21.3195 -10.6896 -30.5573 -21.238 -10.9562 -31.3794 -21.643
3 16 -9.504 -31.3109 -20.5692 -9.844 -32.1171 -20.9668 -10.6896 -30.5573 -21.238
3 16 -10.6896 -30.5573 -21.238 -9.844 -32.1171 -20.9668 -10.9562 -31.3794 -21.643
3 16 -9.3535 -32.1235 -19.2166 -9.7208 -32.8744 -19.6831 -9.504 -31.3109 -20.5692
3 16 -9.504 -31.3109 -20.5692 -9.7208 -32.8744 -19.6831 -9.844 -32.1171 -20.9668
3 16 -10.6488 -33.2282 -18.524 -11.0675 -33.3812 -19.2302 -9.7208 -32.8744 -19.6831
3 16 -9.7208 -32.8744 -19.6831 -11.0675 -33.3812 -19.2302 -10.4428 -33.1428 -20.0397
3 16 -10.6488 -33.2282 -18.524 -12.1089 -32.9134 -18.2609 -11.0675 -33.3812 -19.2302
3 16 -11.0675 -33.3812 -19.2302 -12.1089 -32.9134 -18.2609 -12.0774 -33.1706 -19.059
3 16 -13.186 -32.1824 -18.9549 -12.8173 -32.6629 -19.54 -12.1089 -32.9134 -18.2609
3 16 -12.1089 -32.9134 -18.2609 -12.8173 -32.6629 -19.54 -12.0774 -33.1706 -19.059
3 16 -13.2925 -31.434 -20.2225 -12.8803 -32.14 -20.404 -13.186 -32.1824 -18.9549
3 16 -13.186 -32.1824 -18.9549 -12.8803 -32.14 -20.404 -12.8173 -32.6629 -19.54
3 16 -13.2925 -31.434 -20.2225 -12.3717 -31.1021 -21.3195 -12.8803 -32.14 -20.404
3 16 -12.8803 -32.14 -20.404 -12.3717 -31.1021 -21.3195 -12.261 -31.9207 -21.1674
3 16 -10.9562 -31.3794 -21.643 -11.2897 -32.1109 -21.3728 -12.3717 -31.1021 -21.3195
3 16 -12.3717 -31.1021 -21.3195 -11.2897 -32.1109 -21.3728 -12.261 -31.9207 -21.1674
3 16 -9.844 -32.1171 -20.9668 -10.5343 -32.6221 -20.9172 -10.9562 -31.3794 -21.643
3 16 -10.9562 -31.3794 -21.643 -10.5343 -32.6221 -20.9172 -11.2897 -32.1109 -21.3728
3 16 -9.844 -32.1171 -20.9668 -9.7208 -32.8744 -19.6831 -10.5343 -32.6221 -20.9172
3 16 -10.5343 -32.6221 -20.9172 -9.7208 -32.8744 -19.6831 -10.4428 -33.1428 -20.0397
3 16 -11.0675 -33.3812 -19.2302 -11.5051 -33.1819 -19.9532 -10.4428 -33.1428 -20.0397
3 16 -10.4428 -33.1428 -20.0397 -11.5051 -33.1819 -19.9532 -11.3049 -33.0727 -20.2705
3 16 -11.0675 -33.3812 -19.2302 -12.0774 -33.1706 -19.059 -11.5051 -33.1819 -19.9532
3 16 -11.5051 -33.1819 -19.9532 -12.0774 -33.1706 -19.059 -11.8844 -33.0949 -19.9277
3 16 -12.8173 -32.6629 -19.54 -12.1634 -32.8849 -20.1023 -12.0774 -33.1706 -19.059
3 16 -12.0774 -33.1706 -19.059 -12.1634 -32.8849 -20.1023 -11.8844 -33.0949 -19.9277
3 16 -12.8173 -32.6629 -19.54 -12.8803 -32.14 -20.404 -12.1634 -32.8849 -20.1023
3 16 -12.1634 -32.8849 -20.1023 -12.8803 -32.14 -20.404 -12.1922 -32.6952 -20.4203
3 16 -12.261 -31.9207 -21.1674 -11.9604 -32.6153 -20.6923 -12.8803 -32.14 -20.404
3 16 -12.8803 -32.14 -20.404 -11.9604 -32.6153 -20.6923 -12.1922 -32.6952 -20.4203
3 16 -11.2897 -32.1109 -21.3728 -11.607 -32.6758 -20.7653 -12.261 -31.9207 -21.1674
3 16 -12.261 -31.9207 -21.1674 -11.607 -32.6758 -20.7653 -11.9604 -32.6153 -20.6923
3 16 -10.5343 -32.6221 -20.9172 -11.3356 -32.8723 -20.6033 -11.2897 -32.1109 -21.3728
3 16 -11.2897 -32.1109 -21.3728 -11.3356 -32.8723 -20.6033 -11.607 -32.6758 -20.7653
3 16 -10.5343 -32.6221 -20.9172 -10.4428 -33.1428 -20.0397 -11.3356 -32.8723 -20.6033
3 16 -11.3356 -32.8723 -20.6033 -10.4428 -33.1428 -20.0397 -11.3049 -33.0727 -20.2705
3 16 -11.5051 -33.1819 -19.9532 -11.7475 -32.8661 -20.3463 -11.3049 -33.0727 -20.2705
3 16 -11.3049 -33.0727 -20.2705 -11.7475 -32.8661 -20.3463 -11.3356 -32.8723 -20.6033
3 16 -11.5051 -33.1819 -19.9532 -11.8844 -33.0949 -19.9277 -11.7475 -32.8661 -20.3463
3 16 -11.7475 -32.8661 -20.3463 -11.8844 -33.0949 -19.9277 -12.1634 -32.8849 -20.1023
3 16 -12.1634 -32.8849 -20.1023 -12.1922 -32.6952 -20.4203 -11.7475 -32.8661 -20.3463
3 16 -11.7475 -32.8661 -20.3463 -12.1922 -32.6952 -20.4203 -11.9604 -32.6153 -20.6923
3 16 -11.3356 -32.8723 -20.6033 -11.7475 -32.8661 -20.3463 -11.607 -32.6758 -20.7653
3 16 -11.607 -32.6758 -20.7653 -11.7475 -32.8661 -20.3463 -11.9604 -32.6153 -20.6923
3 16 -3.2067 -12.0094 -5.5893 -9.1107 -29.5723 -15.8721 -2.0904 -11.6117 -7.042
3 16 -2.0904 -11.6117 -7.042 -9.1107 -29.5723 -15.8721 -8.0989 -29.3276 -17.524
3 16 -2.2372 -10.9643 -8.8134 -2.0904 -11.6117 -7.042 -7.5092 -26.8194 -17.8799
3 16 -7.5092 -26.8194 -17.8799 -2.0904 -11.6117 -7.042 -8.0989 -29.3276 -17.524
3 16 -2.2372 -10.9643 -8.8134 -7.5092 -26.8194 -17.8799 -3.7094 -10.2549 -9.8703
3 16 -3.7094 -10.2549 -9.8703 -7.5092 -26.8194 -17.8799 -9.0621 -26.0835 -19.1141
3 16 -3.7094 -10.2549 -9.8703 -9.0621 -26.0835 -19.1141 -5.6457 -9.9737 -9.5069
3 16 -5.6457 -9.9737 -9.5069 -9.0621 -26.0835 -19.1141 -10.9318 -25.9814 -18.8249
3 16 -6.7451 -10.367 -7.9021 -5.6457 -9.9737 -9.5069 -11.9423 -25.9536 -17.2591
3 16 -11.9423 -25.9536 -17.2591 -5.6457 -9.9737 -9.5069 -10.9318 -25.9814 -18.8249
3 16 -6.4393 -11.0587 -6.2811 -6.7451 -10.367 -7.9021 -11.7322 -26.7399 -15.4812
3 16 -11.7322 -26.7399 -15.4812 -6.7451 -10.367 -7.9021 -11.9423 -25.9536 -17.2591
3 16 -6.4393 -11.0587 -6.2811 -11.7322 -26.7399 -15.4812 -5.0058 -11.6697 -5.3436
3 16 -5.0058 -11.6697 -5.3436 -11.7322 -26.7399 -15.4812 -11.2051 -29.0856 -15.5609
3 16 -3.2067 -12.0094 -5.5893 -5.0058 -11.6697 -5.3436 -9.1107 -29.5723 -15.8721
3 16 -9.1107 -29.5723 -15.8721 -5.0058 -11.6697 -5.3436 -11.2051 -29.0856 -15.5609
3 16 -5.472 -5.25 -6.1733 -4.556 -5.25 -7.6098 -6.7451 -10.367 -7.9021
3 16 -6.7451 -10.367 -7.9021 -4.556 -5.25 -7.6098 -5.6457 -9.9737 -9.5069
3 16 -2.7934 -5.25 -7.9422 -3.7094 -10.2549 -9.8703 -4.556 -5.25 -7.6098
3 16 -4.556 -5.25 -7.6098 -3.7094 -10.2549 -9.8703 -5.6457 -9.9737 -9.5069
3 16 -1.3517 -5.25 -6.9179 -2.2372 -10.9643 -8.8134 -2.7934 -5.25 -7.9422
3 16 -2.7934 -5.25 -7.9422 -2.2372 -10.9643 -8.8134 -3.7094 -10.2549 -9.8703
3 16 -5.2616 -5.25 -4.5686 -6.4393 -11.0587 -6.2811 -5.1055 -5.25 -4.1907
3 16 -5.1055 -5.25 -4.1907 -6.4393 -11.0587 -6.2811 -5.0058 -11.6697 -5.3436
3 16 -5.2616 -5.25 -4.5686 -5.472 -5.25 -6.1733 -6.4393 -11.0587 -6.2811
3 16 -6.4393 -11.0587 -6.2811 -5.472 -5.25 -6.1733 -6.7451 -10.367 -7.9021
3 16 -1.0433 -11.75 -6.0019 -1.8232 -11.5109 -6.3449 -0.8249 -5.25 -6.1699
3 16 -0.8249 -5.25 -6.1699 -1.8232 -11.5109 -6.3449 -1.087 -5.25 -6.5535
3 16 -3.2543 -5.25 -5.6358 -4.5355 -5.25 -4.3304 -3.0741 0 -5.3247
3 16 -3.0741 0 -5.3247 -4.5355 -5.25 -4.3304 -4.7087 0 -3.951
3 16 -1.9354 -11.75 -3.8362 -4.7125 -11.75 -3.9233 -2.9671 -11.75 -5.1393
3 16 -1.9354 -11.75 -3.8362 -2.9671 -11.75 -5.1393 -1.0433 -11.75 -6.0019
3 16 -4.556 -5.25 -7.6098 -5.472 -5.25 -6.1733 -3.8159 -5.25 -6.4762
3 16 -3.8159 -5.25 -6.4762 -5.1055 -5.25 -4.1907 -4.5355 -5.25 -4.3304
3 16 -4.5355 -5.25 -4.3304 -5.1055 -5.25 -4.1907 -4.9808 -5.25 -3.7325
3 16 -3.8159 -5.25 -6.4762 -2.7934 -5.25 -7.9422 -4.556 -5.25 -7.6098
3 16 -5.1055 -5.25 -4.1907 -4.5495 -11.4987 -4.7712 -4.9808 -5.25 -3.7325
3 16 -4.9808 -5.25 -3.7325 -4.5495 -11.4987 -4.7712 -4.7125 -11.75 -3.9233
3 16 -2.0904 -11.6117 -7.042 -1.8232 -11.5109 -6.3449 -3.2067 -12.0094 -5.5893
3 16 -3.2067 -12.0094 -5.5893 -1.8232 -11.5109 -6.3449 -3.0578 -11.837 -5.3046
3 16 -1.8232 -11.5109 -6.3449 -2.0904 -11.6117 -7.042 -1.087 -5.25 -6.5535
3 16 -5.0058 -11.6697 -5.3436 -3.2067 -12.0094 -5.5893 -4.5495 -11.4987 -4.7712
3 16 -4.5495 -11.4987 -4.7712 -3.2067 -12.0094 -5.5893 -3.0578 -11.837 -5.3046
3 16 -4.7125 -11.75 -3.9233 -4.5495 -11.4987 -4.7712 -2.9671 -11.75 -5.1393
3 16 -2.9671 -11.75 -5.1393 -4.5495 -11.4987 -4.7712 -3.0578 -11.837 -5.3046
3 16 -1.0433 -11.75 -6.0019 -2.9671 -11.75 -5.1393 -1.8232 -11.5109 -6.3449
3 16 -1.8232 -11.5109 -6.3449 -2.9671 -11.75 -5.1393 -3.0578 -11.837 -5.3046
3 16 1.0692 0 -6.064 -0.8249 -5.25 -6.1699 -1.0692 0 -6.064
3 16 -1.0692 0 -6.064 -0.8249 -5.25 -6.1699 -1.4955 -5.25 -6.0935
3 16 -3.8159 -5.25 -6.4762 -3.2543 -5.25 -5.6358 -1.4955 -5.25 -6.0935
3 16 -11.1711 -27.2558 -19.1862 -10.9318 -25.9814 -18.8249 -9.828 -27.6725 -19.5888
3 16 -9.828 -27.6725 -19.5888 -10.9318 -25.9814 -18.8249 -9.0621 -26.0835 -19.1141
3 16 -7.5092 -26.8194 -17.8799 -8.7308 -28.6488 -19.1498 -9.0621 -26.0835 -19.1141
3 16 -9.0621 -26.0835 -19.1141 -8.7308 -28.6488 -19.1498 -9.828 -27.6725 -19.5888
3 16 -7.5092 -26.8194 -17.8799 -8.0989 -29.3276 -17.524 -8.7308 -28.6488 -19.1498
3 16 -8.7308 -28.6488 -19.1498 -8.0989 -29.3276 -17.524 -8.5395 -29.748 -17.9439
3 16 -5.7812 0 -2.104 -4.9808 -5.25 -3.7325 -5.5613 -11.75 -2.6435
3 16 -5.5613 -11.75 -2.6435 -4.9808 -5.25 -3.7325 -4.7125 -11.75 -3.9233
3 16 4.7088 0 -3.9511 5.6894 -5.25 -2.4042 5.0822 -11.75 -3.4565
3 16 5.0822 -11.75 -3.4565 5.6894 -5.25 -2.4042 5.7424 -11.75 -2.1117
3 16 4.7088 0 3.9511 5.7253 -5.25 2.3254 5.7806 0 2.1038
3 16 5.7806 0 2.1038 5.7253 -5.25 2.3254 5.977 -5.25 1.7386
3 16 -5.7812 0 2.1041 -4.9363 -5.25 3.8012 -4.7087 0 3.951
3 16 -4.7087 0 3.951 -4.9363 -5.25 3.8012 -4.5274 -5.25 4.34
3 16 7.1301 -11.6355 1.7376 8.7511 -10.9644 2.4631 6.219 -5.25 2.3353
3 16 6.219 -5.25 2.3353 8.7511 -10.9644 2.4631 6.6669 -5.25 2.2884
3 16 -1.0765 -5.25 6.5169 -2.1309 -11.665 7.0069 -1.8616 -11.4879 6.322
3 16 -5.0603 -11.6217 5.3207 -6.5136 -10.9643 6.3443 -5.132 -5.25 4.2181
3 16 -5.132 -5.25 4.2181 -6.5136 -10.9643 6.3443 -5.3153 -5.25 4.6295
3 16 -5.1055 -5.25 -4.1907 -5.0058 -11.6697 -5.3436 -4.5495 -11.4987 -4.7712
3 16 -2.0904 -11.6117 -7.042 -2.2372 -10.9643 -8.8134 -1.087 -5.25 -6.5535
3 16 -1.087 -5.25 -6.5535 -2.2372 -10.9643 -8.8134 -1.3517 -5.25 -6.9179
3 16 6.182 -5.25 -2.3262 7.1217 -11.6842 -1.6795 6.4061 -11.4913 -1.5506
3 16 -4.7087 0 3.951 -4.5274 -5.25 4.34 -3.0741 0 5.3247
3 16 -3.0741 0 5.3247 -4.5274 -5.25 4.34 -3.2486 -5.25 5.6274
3 16 -1.4754 -5.25 6.0663 -0.758 -5.25 6.1381 -1.0692 0 6.064
3 16 -1.0692 0 6.064 -0.758 -5.25 6.1381 1.0692 0 6.064
3 16 6.4618 -5.25 -0.0002 6.163 0 0 5.977 -5.25 1.7386
3 16 5.977 -5.25 1.7386 6.163 0 0 5.7806 0 2.1038
3 16 5.9698 -5.25 -1.7492 5.6894 -5.25 -2.4042 5.7806 0 -2.1038
3 16 5.7806 0 -2.1038 5.6894 -5.25 -2.4042 4.7088 0 -3.9511
3 16 -4.5355 -5.25 -4.3304 -4.9808 -5.25 -3.7325 -4.7087 0 -3.951
3 16 -4.7087 0 -3.951 -4.9808 -5.25 -3.7325 -5.7812 0 -2.104
3 16 -1.0692 0 -6.064 -1.4955 -5.25 -6.0935 -3.0741 0 -5.3247
3 16 -3.0741 0 -5.3247 -1.4955 -5.25 -6.0935 -3.2543 -5.25 -5.6358
3 16 4.7088 0 3.9511 5.7806 0 2.1038 3.5976 0 2.0771
3 16 3.0741 0 5.3247 4.7088 0 3.9511 2.0657 0 3.5779
3 16 2.0657 0 3.5779 4.7088 0 3.9511 3.5976 0 2.0771
3 16 0 0 4.1542 1.0692 0 6.064 2.0657 0 3.5779
3 16 2.0657 0 3.5779 1.0692 0 6.064 3.0741 0 5.3247
3 16 -1.0692 0 6.064 1.0692 0 6.064 0 0 4.1542
3 16 -3.0741 0 5.3247 -1.0692 0 6.064 -2.0657 0 3.5779
3 16 -2.0657 0 3.5779 -1.0692 0 6.064 0 0 4.1542
3 16 -3.5976 0 2.0771 -4.7087 0 3.951 -2.0657 0 3.5779
3 16 -2.0657 0 3.5779 -4.7087 0 3.951 -3.0741 0 5.3247
3 16 -5.7812 0 2.1041 -4.7087 0 3.951 -3.5976 0 2.0771
3 16 -6.2615 0 0 -5.7812 0 2.1041 -4.1314 0 0
3 16 -4.1314 0 0 -5.7812 0 2.1041 -3.5976 0 2.0771
3 16 -3.5976 0 -2.0771 -5.7812 0 -2.104 -4.1314 0 0
3 16 -4.1314 0 0 -5.7812 0 -2.104 -6.2615 0 0
3 16 -4.7087 0 -3.951 -5.7812 0 -2.104 -3.5976 0 -2.0771
3 16 -3.0741 0 -5.3247 -4.7087 0 -3.951 -2.0657 0 -3.5779
3 16 -2.0657 0 -3.5779 -4.7087 0 -3.951 -3.5976 0 -2.0771
3 16 0 0 -4.1542 -1.0692 0 -6.064 -2.0657 0 -3.5779
3 16 -2.0657 0 -3.5779 -1.0692 0 -6.064 -3.0741 0 -5.3247
3 16 1.0692 0 -6.064 -1.0692 0 -6.064 0 0 -4.1542
3 16 3.0741 0 -5.3247 1.0692 0 -6.064 2.0657 0 -3.5779
3 16 2.0657 0 -3.5779 1.0692 0 -6.064 0 0 -4.1542
3 16 3.5976 0 -2.0771 4.7088 0 -3.9511 2.0657 0 -3.5779
3 16 2.0657 0 -3.5779 4.7088 0 -3.9511 3.0741 0 -5.3247
3 16 5.7806 0 -2.1038 4.7088 0 -3.9511 3.5976 0 -2.0771
3 16 6.163 0 0 5.7806 0 -2.1038 4.1314 0 0
3 16 4.1314 0 0 5.7806 0 -2.1038 3.5976 0 -2.0771
3 16 3.5976 0 2.0771 5.7806 0 2.1038 4.1314 0 0
3 16 4.1314 0 0 5.7806 0 2.1038 6.163 0 0
3 16 3.0741 0 5.3247 3.1603 -11.75 5.4735 4.7088 0 3.9511
3 16 4.7088 0 3.9511 3.1603 -11.75 5.4735 5.0924 -11.75 3.4408
3 16 1.0692 0 6.064 -0.758 -5.25 6.1381 0.5166 -11.75 6.1292
3 16 0.5166 -11.75 6.1292 -0.758 -5.25 6.1381 -1.0437 -11.75 6.0128
3 16 3.0741 0 -5.3247 3.1561 -11.75 -5.4648 1.0692 0 -6.064
3 16 1.0692 0 -6.064 3.1561 -11.75 -5.4648 0.5794 -11.75 -6.1197
3 16 0 -11.75 -4.3534 0.5794 -11.75 -6.1197 1.9354 -11.75 -3.8362
3 16 1.9354 -11.75 -3.8362 0.5794 -11.75 -6.1197 3.1561 -11.75 -5.4648
3 16 -6.2615 0 0 -6.2615 -11.75 0.0012 -5.7812 0 2.1041
3 16 -5.7812 0 2.1041 -6.2615 -11.75 0.0012 -5.5996 -11.75 2.5909
3 16 4.7088 0 3.9511 5.0924 -11.75 3.4408 5.7253 -5.25 2.3254
3 16 5.7253 -5.25 2.3254 5.0924 -11.75 3.4408 5.7313 -11.75 2.106
3 16 1.0692 0 -6.064 0.5794 -11.75 -6.1197 -0.8249 -5.25 -6.1699
3 16 -0.8249 -5.25 -6.1699 0.5794 -11.75 -6.1197 -1.0433 -11.75 -6.0019
3 16 0.5166 -11.75 6.1292 -1.0437 -11.75 6.0128 0 -11.75 4.3534
3 16 0 -11.75 4.3534 -1.0437 -11.75 6.0128 -1.9354 -11.75 3.8362
3 16 -5.7812 0 2.1041 -5.5996 -11.75 2.5909 -4.9363 -5.25 3.8012
3 16 -4.9363 -5.25 3.8012 -5.5996 -11.75 2.5909 -4.6989 -11.75 3.9146
3 16 -1.0364 7.3171 -1.7951 -1.8053 7.3171 -1.0423 0 7.3171 0
3 16 0 7.3171 -2.0846 -1.0364 7.3171 -1.7951 0 7.3171 0
3 16 0 7.3171 0 -1.8053 7.3171 -1.0423 -2.0728 7.3171 0
3 16 1.0364 7.3171 1.7951 1.8053 7.3171 1.0423 0 7.3171 0
3 16 0 7.3171 0 0 7.3171 2.0846 1.0364 7.3171 1.7951
3 16 0 7.3171 0 1.8053 7.3171 1.0423 2.0728 7.3171 0
3 16 -3.7006 -5.25 6.5428 -1.4754 -5.25 6.0663 -3.2486 -5.25 5.6274
3 16 -3.7006 -5.25 6.5428 -3.2486 -5.25 5.6274 -4.5274 -5.25 4.34
3 16 -3.7006 -5.25 6.5428 -2.6102 -5.25 7.8256 -1.3258 -5.25 6.841
3 16 -5.3153 -5.25 4.6295 -5.4814 -5.25 6.3903 -3.7006 -5.25 6.5428
3 16 -3.7006 -5.25 6.5428 -1.0765 -5.25 6.5169 -1.4754 -5.25 6.0663
3 16 -1.4754 -5.25 6.0663 -1.0765 -5.25 6.5169 -0.758 -5.25 6.1381
3 16 -3.7006 -5.25 6.5428 -4.5274 -5.25 4.34 -5.132 -5.25 4.2181
3 16 -5.132 -5.25 4.2181 -4.5274 -5.25 4.34 -4.9363 -5.25 3.8012
3 16 -3.8159 -5.25 -6.4762 -5.472 -5.25 -6.1733 -5.2616 -5.25 -4.5686
3 16 -1.3517 -5.25 -6.9179 -2.7934 -5.25 -7.9422 -3.8159 -5.25 -6.4762
3 16 -3.8159 -5.25 -6.4762 -4.5355 -5.25 -4.3304 -3.2543 -5.25 -5.6358
3 16 -5.2616 -5.25 -4.5686 -5.1055 -5.25 -4.1907 -3.8159 -5.25 -6.4762
3 16 -3.8159 -5.25 -6.4762 -1.087 -5.25 -6.5535 -1.3517 -5.25 -6.9179
3 16 -3.8159 -5.25 -6.4762 -1.4955 -5.25 -6.0935 -1.087 -5.25 -6.5535
3 16 -1.087 -5.25 -6.5535 -1.4955 -5.25 -6.0935 -0.8249 -5.25 -6.1699
3 16 7.5165 -5.25 -0.0666 8.0822 -5.25 -1.6523 6.5873 -5.25 -2.2723
3 16 6.6669 -5.25 2.2884 8.2749 -5.25 1.5519 7.5165 -5.25 -0.0666
3 16 7.5165 -5.25 -0.0666 5.9698 -5.25 -1.7492 6.4618 -5.25 -0.0002
3 16 5.6894 -5.25 -2.4042 5.9698 -5.25 -1.7492 6.182 -5.25 -2.3262
3 16 6.182 -5.25 -2.3262 5.9698 -5.25 -1.7492 7.5165 -5.25 -0.0666
3 16 7.5165 -5.25 -0.0666 5.977 -5.25 1.7386 6.219 -5.25 2.3353
3 16 6.219 -5.25 2.3353 5.977 -5.25 1.7386 5.7253 -5.25 2.3254
3 16 7.5165 -5.25 -0.0666 6.4618 -5.25 -0.0002 5.977 -5.25 1.7386
2 24 -1.0364 7.3171 1.7951 -1.8053 7.3171 1.0423
2 24 -1.3545 8 2.3461 -2.359 8 1.362
2 24 -1.0364 7.3171 1.7951 0 7.3171 2.0846
2 24 -1.3545 8 2.3461 0 8 2.724
2 24 -1.8053 7.3171 1.0423 -2.0728 7.3171 0
2 24 -2.359 8 1.362 -2.709 8 0
2 24 -1.8053 7.3171 1.0423 -1.0364 7.3171 1.7951
2 24 -1.0364 7.3171 1.7951 0 7.3171 2.0846
2 24 -1.8053 7.3171 1.0423 -2.0728 7.3171 0
2 24 -3.5976 0 2.0771 -2.0657 0 3.5779
2 24 -3.0964 8 1.7877 -1.7779 8 3.0795
2 24 -2.359 8 1.362 -1.3545 8 2.3461
2 24 -2.0657 0 3.5779 0 0 4.1542
2 24 -1.3545 8 2.3461 0 8 2.724
2 24 -1.7779 8 3.0795 0 8 3.5754
2 24 -3.5976 0 2.0771 -4.1314 0 0
2 24 -2.359 8 1.362 -2.709 8 0
2 24 -3.0964 8 1.7877 -3.5559 8 0
2 24 -3.5559 8 0 -3.0964 8 1.7877
2 24 -3.0964 8 1.7877 -1.7779 8 3.0795
2 24 -1.7779 8 3.0795 0 8 3.5754
2 24 -1.3545 8 -2.3461 -2.359 8 -1.362
2 24 -1.7779 8 -3.0795 -3.0964 8 -1.7877
2 24 -3.5976 0 -2.0771 -2.0657 0 -3.5779
2 24 -2.0657 0 -3.5779 0 0 -4.1542
2 24 -1.3545 8 -2.3461 0 8 -2.724
2 24 -1.7779 8 -3.0795 0 8 -3.5754
2 24 -4.1314 0 0 -3.5976 0 -2.0771
2 24 -2.709 8 0 -2.359 8 -1.362
2 24 -3.5559 8 0 -3.0964 8 -1.7877
2 24 -3.5559 8 0 -3.0964 8 -1.7877
2 24 -3.0964 8 -1.7877 -1.7779 8 -3.0795
2 24 -1.7779 8 -3.0795 0 8 -3.5754
2 24 0 8 -2.724 -1.3545 8 -2.3461
2 24 0 7.3171 -2.0846 -1.0364 7.3171 -1.7951
2 24 -1.3545 8 -2.3461 -2.359 8 -1.362
2 24 -1.0364 7.3171 -1.7951 -1.8053 7.3171 -1.0423
2 24 -2.709 8 0 -2.359 8 -1.362
2 24 -2.0728 7.3171 0 -1.8053 7.3171 -1.0423
2 24 1.3545 8 2.3461 2.359 8 1.362
2 24 1.7779 8 3.0795 3.0964 8 1.7877
2 24 3.5976 0 2.0771 2.0657 0 3.5779
2 24 0 0 4.1542 2.0657 0 3.5779
2 24 0 8 2.724 1.3545 8 2.3461
2 24 0 8 3.5754 1.7779 8 3.0795
2 24 3.5976 0 2.0771 4.1314 0 0
2 24 2.359 8 1.362 2.709 8 0
2 24 3.0964 8 1.7877 3.5559 8 0
2 24 3.0964 8 1.7877 3.5559 8 0
2 24 3.0964 8 1.7877 1.7779 8 3.0795
2 24 0 8 3.5754 1.7779 8 3.0795
2 24 0 8 2.724 1.3545 8 2.3461
2 24 0 7.3171 2.0846 1.0364 7.3171 1.7951
2 24 1.3545 8 2.3461 2.359 8 1.362
2 24 1.0364 7.3171 1.7951 1.8053 7.3171 1.0423
2 24 2.359 8 1.362 2.709 8 0
2 24 1.8053 7.3171 1.0423 2.0728 7.3171 0
2 24 1.0364 7.3171 -1.7951 1.8053 7.3171 -1.0423
2 24 1.3545 8 -2.3461 2.359 8 -1.362
2 24 0 8 -2.724 1.3545 8 -2.3461
2 24 0 7.3171 -2.0846 1.0364 7.3171 -1.7951
2 24 2.0728 7.3171 0 1.8053 7.3171 -1.0423
2 24 2.709 8 0 2.359 8 -1.362
2 24 1.8053 7.3171 -1.0423 1.0364 7.3171 -1.7951
2 24 1.0364 7.3171 -1.7951 0 7.3171 -2.0846
2 24 1.8053 7.3171 -1.0423 2.0728 7.3171 0
2 24 3.5976 0 -2.0771 2.0657 0 -3.5779
2 24 3.0964 8 -1.7877 1.7779 8 -3.0795
2 24 2.359 8 -1.362 1.3545 8 -2.3461
2 24 0 0 -4.1542 2.0657 0 -3.5779
2 24 0 8 -2.724 1.3545 8 -2.3461
2 24 0 8 -3.5754 1.7779 8 -3.0795
2 24 4.1314 0 0 3.5976 0 -2.0771
2 24 2.709 8 0 2.359 8 -1.362
2 24 3.5559 8 0 3.0964 8 -1.7877
2 24 3.5559 8 0 3.0964 8 -1.7877
2 24 3.0964 8 -1.7877 1.7779 8 -3.0795
2 24 0 8 -3.5754 1.7779 8 -3.0795
2 24 -1.9354 -11.75 -3.8362 -3.8362 -11.75 -1.9354
2 24 -4.7125 -11.75 -3.9233 -5.5613 -11.75 -2.6435
2 24 -1.9354 -11.75 -3.8362 0 -11.75 -4.3534
2 24 -1.0433 -11.75 -6.0019 0.5794 -11.75 -6.1197
2 24 3.8362 -11.75 1.9354 1.9354 -11.75 3.8362
2 24 5.0924 -11.75 3.4408 3.1603 -11.75 5.4735
2 24 1.9354 -11.75 3.8362 0 -11.75 4.3534
2 24 3.1603 -11.75 5.4735 0.5166 -11.75 6.1292
2 24 3.8362 -11.75 -1.9354 1.9354 -11.75 -3.8362
2 24 5.0822 -11.75 -3.4565 3.1561 -11.75 -5.4648
2 24 3.8362 -11.75 -1.9354 4.3534 -11.75 0
2 24 5.0822 -11.75 -3.4565 5.7424 -11.75 -2.1117
2 24 -1.9354 -11.75 3.8362 -3.8362 -11.75 1.9354
2 24 -4.6989 -11.75 3.9146 -5.5996 -11.75 2.5909
2 24 -3.8362 -11.75 1.9354 -4.3534 -11.75 0
2 24 -5.5996 -11.75 2.5909 -6.2615 -11.75 0.0012
2 24 -3.7308 -3 -1.8822 -4.2352 -3 0
2 24 -3.8362 -11.75 -1.9354 -4.3534 -11.75 0
2 24 -3.7308 -3 -1.8822 -1.8822 -3 -3.7308
2 24 -3.8362 -11.75 -1.9354 -1.9354 -11.75 -3.8362
2 24 -1.8822 -3 -3.7308 0 -3 -4.2352
2 24 -1.9354 -11.75 -3.8362 0 -11.75 -4.3534
2 24 3.7308 -3 1.8822 4.2352 -3 0
2 24 3.8362 -11.75 1.9354 4.3534 -11.75 0
2 24 3.7308 -3 1.8822 1.8822 -3 3.7308
2 24 3.8362 -11.75 1.9354 1.9354 -11.75 3.8362
2 24 1.8822 -3 3.7308 0 -3 4.2352
2 24 1.9354 -11.75 3.8362 0 -11.75 4.3534
2 24 0 -3 -4.2352 1.8822 -3 -3.7308
2 24 0 -11.75 -4.3534 1.9354 -11.75 -3.8362
2 24 1.8822 -3 -3.7308 3.7308 -3 -1.8822
2 24 1.9354 -11.75 -3.8362 3.8362 -11.75 -1.9354
2 24 4.2352 -3 0 3.7308 -3 -1.8822
2 24 4.3534 -11.75 0 3.8362 -11.75 -1.9354
2 24 0 -3 4.2352 -1.8822 -3 3.7308
2 24 0 -11.75 4.3534 -1.9354 -11.75 3.8362
2 24 -1.8822 -3 3.7308 -3.7308 -3 1.8822
2 24 -1.9354 -11.75 3.8362 -3.8362 -11.75 1.9354
2 24 -4.3534 -11.75 0 -3.8362 -11.75 1.9354
2 24 -4.2352 -3 0 -3.7308 -3 1.8822
2 24 -1.8822 -3 3.7308 -3.7308 -3 1.8822
2 24 -1.8822 -3 3.7308 0 -3 4.2352
2 24 3.7308 -3 1.8822 1.8822 -3 3.7308
2 24 3.7308 -3 1.8822 4.2352 -3 0
2 24 1.8822 -3 -3.7308 3.7308 -3 -1.8822
2 24 1.8822 -3 -3.7308 0 -3 -4.2352
2 24 -3.7308 -3 -1.8822 -1.8822 -3 -3.7308
2 24 -3.7308 -3 -1.8822 -4.2352 -3 0
2 24 -3.7308 -3 1.8822 -4.2352 -3 0
2 24 0 -3 -4.2352 -1.8822 -3 -3.7308
2 24 4.2352 -3 0 3.7308 -3 -1.8822
2 24 0 -3 4.2352 1.8822 -3 3.7308
2 24 -7.9248 -25.5057 13.6395 -8.3657 -26.1297 14.434
2 24 -7.9248 -25.5057 13.6395 -9.9777 -25.1954 13.6114
2 24 -8.3657 -26.1297 14.434 -10.1215 -25.6083 14.1997
2 24 -9.9777 -25.1954 13.6114 -10.1215 -25.6083 14.1997
2 24 -8.3657 -26.1297 14.434 -7.1471 -25.5227 15.7117
2 24 -7.9248 -25.5057 13.6395 -6.6097 -24.9335 15.4108
2 24 -7.1471 -25.5227 15.7117 -6.6097 -24.9335 15.4108
2 24 -7.1471 -25.5227 15.7117 -7.3847 -24.3449 16.9309
2 24 -6.6097 -24.9335 15.4108 -6.3343 -22.5492 15.8395
2 24 -7.3847 -24.3449 16.9309 -8.4733 -23.4303 17.417
2 24 -6.3343 -22.5492 15.8395 -7.804 -21.781 16.8425
2 24 -8.4733 -23.4303 17.417 -9.8101 -23.095 17.1493
2 24 -7.804 -21.781 16.8425 -9.6186 -21.8146 16.7659
2 24 -10.1215 -25.6083 14.1997 -8.3657 -26.1297 14.434
2 24 -8.3657 -26.1297 14.434 -9.1804 -28.3604 15.8261
2 24 -8.3657 -26.1297 14.434 -7.1471 -25.5227 15.7117
2 24 -7.1471 -25.5227 15.7117 -7.3847 -24.3449 16.9309
2 24 -7.3847 -24.3449 16.9309 -8.4733 -23.4303 17.417
2 24 -8.4733 -23.4303 17.417 -9.8101 -23.095 17.1493
2 24 -9.8101 -23.095 17.1493 -10.821 -23.4946 16.2266
2 24 -10.821 -23.4946 16.2266 -11.0318 -24.4578 15.0621
2 24 -10.1215 -25.6083 14.1997 -11.0318 -24.4578 15.0621
2 24 -9.1804 -28.3604 15.8261 -9.5055 -29.0897 16.3812
2 24 -10.7869 -27.9509 15.5984 -11.0116 -28.7166 16.1584
2 24 -8.1479 -28.0008 17.0791 -8.5289 -28.7558 17.5476
2 24 -8.2709 -27.199 18.4416 -8.6114 -27.9988 18.8408
2 24 -11.8684 -27.1197 16.444 -12.0629 -27.9333 16.9318
2 24 -3.2312 -12.0241 5.5611 -7.9248 -25.5057 13.6395
2 24 -3.2312 -12.0241 5.5611 -5.0603 -11.6217 5.3207
2 24 -7.9248 -25.5057 13.6395 -9.9777 -25.1954 13.6114
2 24 -5.0603 -11.6217 5.3207 -6.5136 -10.9643 6.3443
2 24 -6.5136 -10.9643 6.3443 -10.5648 -22.6304 13.3586
2 24 -9.9777 -25.1954 13.6114 -10.5648 -22.6304 13.3586
2 24 -6.5136 -10.9643 6.3443 -6.6779 -10.2606 8.144
2 24 -10.5648 -22.6304 13.3586 -10.789 -21.9035 15.3281
2 24 -6.6779 -10.2606 8.144 -10.789 -21.9035 15.3281
2 24 -6.6779 -10.2606 8.144 -5.402 -9.9838 9.6257
2 24 -10.789 -21.9035 15.3281 -9.6186 -21.8146 16.7659
2 24 -5.402 -9.9838 9.6257 -3.4753 -10.371 9.7812
2 24 -9.6186 -21.8146 16.7659 -7.804 -21.781 16.8425
2 24 -3.4753 -10.371 9.7812 -2.2186 -11.0587 8.7178
2 24 -7.804 -21.781 16.8425 -6.3343 -22.5492 15.8395
2 24 -2.2186 -11.0587 8.7178 -2.1309 -11.665 7.0069
2 24 -6.3343 -22.5492 15.8395 -6.6097 -24.9335 15.4108
2 24 -2.1309 -11.665 7.0069 -6.6097 -24.9335 15.4108
2 24 -3.2312 -12.0241 5.5611 -2.1309 -11.665 7.0069
2 24 -7.9248 -25.5057 13.6395 -6.6097 -24.9335 15.4108
2 24 -2.6102 -5.25 7.8256 -4.3123 -5.25 7.7505
2 24 -2.6102 -5.25 7.8256 -3.4753 -10.371 9.7812
2 24 -4.3123 -5.25 7.7505 -5.402 -9.9838 9.6257
2 24 -3.4753 -10.371 9.7812 -5.402 -9.9838 9.6257
2 24 -5.4814 -5.25 6.3903 -6.6779 -10.2606 8.144
2 24 -4.3123 -5.25 7.7505 -5.4814 -5.25 6.3903
2 24 -5.402 -9.9838 9.6257 -6.6779 -10.2606 8.144
2 24 -5.4814 -5.25 6.3903 -5.3153 -5.25 4.6295
2 24 -6.5136 -10.9643 6.3443 -6.6779 -10.2606 8.144
2 24 -1.3258 -5.25 6.841 -1.0765 -5.25 6.5169
2 24 -2.2186 -11.0587 8.7178 -2.1309 -11.665 7.0069
2 24 -2.6102 -5.25 7.8256 -1.3258 -5.25 6.841
2 24 -2.2186 -11.0587 8.7178 -3.4753 -10.371 9.7812
2 24 -4.6989 -11.75 3.9146 -4.5906 -11.5257 4.7486
2 24 -4.6989 -11.75 3.9146 -4.9363 -5.25 3.8012
2 24 -4.9363 -5.25 3.8012 -5.132 -5.25 4.2181
2 24 -3.2486 -5.25 5.6274 -1.4754 -5.25 6.0663
2 24 -3.0741 0 5.3247 -1.0692 0 6.064
2 24 -4.3123 -5.25 7.7505 -2.6102 -5.25 7.8256
2 24 -1.3258 -5.25 6.841 -1.0765 -5.25 6.5169
2 24 -4.3123 -5.25 7.7505 -5.4814 -5.25 6.3903
2 24 -1.0765 -5.25 6.5169 -0.758 -5.25 6.1381
2 24 -1.8616 -11.4879 6.322 -1.0437 -11.75 6.0128
2 24 -0.758 -5.25 6.1381 -1.0437 -11.75 6.0128
2 24 -5.0603 -11.6217 5.3207 -4.5906 -11.5257 4.7486
2 24 -5.0603 -11.6217 5.3207 -3.2312 -12.0241 5.5611
2 24 -4.5906 -11.5257 4.7486 -5.0603 -11.6217 5.3207
2 24 -3.2312 -12.0241 5.5611 -2.1309 -11.665 7.0069
2 24 -2.1309 -11.665 7.0069 -1.8616 -11.4879 6.322
2 24 -2.9673 -11.75 5.1394 -1.8616 -11.4879 6.322
2 24 -1.0437 -11.75 6.0128 -1.8616 -11.4879 6.322
2 24 -2.9673 -11.75 5.1394 -4.5906 -11.5257 4.7486
2 24 -4.6989 -11.75 3.9146 -4.5906 -11.5257 4.7486
2 24 -5.132 -5.25 4.2181 -5.3153 -5.25 4.6295
2 24 -9.8101 -23.095 17.1493 -10.821 -23.4946 16.2266
2 24 -9.6186 -21.8146 16.7659 -10.789 -21.9035 15.3281
2 24 -10.789 -21.9035 15.3281 -10.5648 -22.6304 13.3586
2 24 -11.0318 -24.4578 15.0621 -10.821 -23.4946 16.2266
2 24 -9.9777 -25.1954 13.6114 -10.5648 -22.6304 13.3586
2 24 -10.1215 -25.6083 14.1997 -11.0318 -24.4578 15.0621
2 24 20.4195 -33.6809 0.0473 21.3504 -34.3127 0.0238
2 24 20.4195 -33.6809 0.0473 21.3141 -33.4621 1.7224
2 24 21.3504 -34.3127 0.0238 21.9046 -33.88 1.5418
2 24 21.3141 -33.4621 1.7224 21.9046 -33.88 1.5418
2 24 21.3504 -34.3127 0.0238 21.7504 -33.7735 -1.5175
2 24 20.4195 -33.6809 0.0473 21.1838 -33.2017 -1.8693
2 24 21.7504 -33.7735 -1.5175 21.1838 -33.2017 -1.8693
2 24 21.7504 -33.7735 -1.5175 22.8157 -32.6882 -2.0631
2 24 21.1838 -33.2017 -1.8693 21.3446 -30.8924 -2.4246
2 24 22.8157 -32.6882 -2.0631 23.8527 -31.7355 -1.4528
2 24 21.3446 -30.8924 -2.4246 23.0348 -30.0842 -1.7706
2 24 23.8527 -31.7355 -1.4528 24.3704 -31.3528 -0.0851
2 24 23.0348 -30.0842 -1.7706 23.949 -30.0794 -0.0579
2 24 21.9046 -33.88 1.5418 21.3504 -34.3127 0.0238
2 24 21.3504 -34.3127 0.0238 22.8656 -36.6293 0.035
2 24 21.3504 -34.3127 0.0238 21.7504 -33.7735 -1.5175
2 24 21.7504 -33.7735 -1.5175 22.8157 -32.6882 -2.0631
2 24 22.8157 -32.6882 -2.0631 23.8527 -31.7355 -1.4528
2 24 24.3704 -31.3528 -0.0851 26.2973 -34.4055 -0.0637
2 24 23.8527 -31.7355 -1.4528 24.3704 -31.3528 -0.0851
2 24 24.3704 -31.3528 -0.0851 24.011 -31.7917 1.3461
2 24 24.011 -31.7917 1.3461 23.0227 -32.8016 2.0373
2 24 21.9046 -33.88 1.5418 23.0227 -32.8016 2.0373
2 24 22.8656 -36.6293 0.035 23.4575 -37.3518 0.0396
2 24 24.5674 -35.5422 -2.0448 25.0789 -36.3343 -1.9404
2 24 25.7668 -34.7621 -1.465 26.2409 -35.586 -1.4095
2 24 26.2973 -34.4055 -0.0637 26.7393 -35.2508 -0.0545
2 24 25.8236 -34.7004 1.3786 26.2992 -35.5313 1.3393
2 24 24.6358 -35.4633 2.0437 25.1479 -36.2659 1.9477
2 24 6.406 -12.055 0.0182 20.4195 -33.6809 0.0473
2 24 6.406 -12.055 0.0182 7.1301 -11.6355 1.7376
2 24 20.4195 -33.6809 0.0473 21.3141 -33.4621 1.7224
2 24 7.1301 -11.6355 1.7376 8.7511 -10.9644 2.4631
2 24 8.7511 -10.9644 2.4631 21.3124 -30.9739 2.4685
2 24 21.3141 -33.4621 1.7224 21.3124 -30.9739 2.4685
2 24 8.7511 -10.9644 2.4631 10.3645 -10.2751 1.6824
2 24 21.3124 -30.9739 2.4685 23.2137 -30.2094 1.7792
2 24 10.3645 -10.2751 1.6824 23.2137 -30.2094 1.7792
2 24 10.3645 -10.2751 1.6824 10.9883 -10.0097 -0.1313
2 24 23.2137 -30.2094 1.7792 23.949 -30.0794 -0.0579
2 24 10.9883 -10.0097 -0.1313 23.949 -30.0794 -0.0579
2 24 10.9883 -10.0097 -0.1313 10.1876 -10.3821 -1.8548
2 24 23.949 -30.0794 -0.0579 23.0348 -30.0842 -1.7706
2 24 23.0348 -30.0842 -1.7706 21.3446 -30.8924 -2.4246
2 24 8.6588 -11.0588 -2.4436 7.1217 -11.6842 -1.6795
2 24 21.3446 -30.8924 -2.4246 21.1838 -33.2017 -1.8693
2 24 6.406 -12.055 0.0182 7.1217 -11.6842 -1.6795
2 24 20.4195 -33.6809 0.0473 21.1838 -33.2017 -1.8693
2 24 8.0822 -5.25 -1.6523 8.8683 -5.25 -0.1407
2 24 10.1876 -10.3821 -1.8548 8.0822 -5.25 -1.6523
2 24 8.8683 -5.25 -0.1407 10.9883 -10.0097 -0.1313
2 24 10.1876 -10.3821 -1.8548 10.9883 -10.0097 -0.1313
2 24 8.2749 -5.25 1.5519 10.3645 -10.2751 1.6824
2 24 8.8683 -5.25 -0.1407 8.2749 -5.25 1.5519
2 24 10.9883 -10.0097 -0.1313 10.3645 -10.2751 1.6824
2 24 8.2749 -5.25 1.5519 6.6669 -5.25 2.2884
2 24 8.7511 -10.9644 2.4631 10.3645 -10.2751 1.6824
2 24 6.5873 -5.25 -2.2723 6.182 -5.25 -2.3262
2 24 8.6588 -11.0588 -2.4436 7.1217 -11.6842 -1.6795
2 24 8.0822 -5.25 -1.6523 6.5873 -5.25 -2.2723
2 24 5.7313 -11.75 2.106 6.4054 -11.4985 1.5869
2 24 5.7313 -11.75 2.106 5.7253 -5.25 2.3254
2 24 5.7253 -5.25 2.3254 6.219 -5.25 2.3353
2 24 6.4618 -5.25 -0.0002 5.9698 -5.25 -1.7492
2 24 6.163 0 0 5.7806 0 -2.1038
2 24 3.8362 -11.75 1.9354 4.3534 -11.75 0
2 24 5.0924 -11.75 3.4408 5.7313 -11.75 2.106
2 24 8.8683 -5.25 -0.1407 8.0822 -5.25 -1.6523
2 24 6.182 -5.25 -2.3262 6.5873 -5.25 -2.2723
2 24 6.219 -5.25 2.3353 6.6669 -5.25 2.2884
2 24 8.8683 -5.25 -0.1407 8.2749 -5.25 1.5519
2 24 6.182 -5.25 -2.3262 5.6894 -5.25 -2.4042
2 24 6.4061 -11.4913 -1.5506 5.7424 -11.75 -2.1117
2 24 5.6894 -5.25 -2.4042 5.7424 -11.75 -2.1117
2 24 7.1301 -11.6355 1.7376 6.4054 -11.4985 1.5869
2 24 7.1301 -11.6355 1.7376 6.406 -12.055 0.0182
2 24 6.4054 -11.4985 1.5869 7.1301 -11.6355 1.7376
2 24 6.406 -12.055 0.0182 7.1217 -11.6842 -1.6795
2 24 7.1217 -11.6842 -1.6795 6.4061 -11.4913 -1.5506
2 24 5.9343 -11.75 0 6.4061 -11.4913 -1.5506
2 24 5.7424 -11.75 -2.1117 6.4061 -11.4913 -1.5506
2 24 5.9343 -11.75 0 6.4054 -11.4985 1.5869
2 24 5.7313 -11.75 2.106 6.4054 -11.4985 1.5869
2 24 24.3704 -31.3528 -0.0851 24.011 -31.7917 1.3461
2 24 23.949 -30.0794 -0.0579 23.2137 -30.2094 1.7792
2 24 23.2137 -30.2094 1.7792 21.3124 -30.9739 2.4685
2 24 24.011 -31.7917 1.3461 23.0227 -32.8016 2.0373
2 24 21.3141 -33.4621 1.7224 21.3124 -30.9739 2.4685
2 24 21.9046 -33.88 1.5418 23.0227 -32.8016 2.0373
2 24 3.0741 0 -5.3247 4.7088 0 -3.9511
2 24 3.1561 -11.75 -5.4648 5.0822 -11.75 -3.4565
2 24 0.5166 -11.75 6.1292 3.1603 -11.75 5.4735
2 24 1.0692 0 6.064 3.0741 0 5.3247
2 24 -5.5613 -11.75 -2.6435 -6.2615 -11.75 0.0012
2 24 -5.7812 0 -2.104 -6.2615 0 0
2 24 -5.5613 -11.75 -2.6435 -6.2615 -11.75 0.0012
2 24 -3.8362 -11.75 -1.9354 -4.3534 -11.75 0
2 24 -9.1107 -29.5723 -15.8721 -9.582 -30.2168 -16.6464
2 24 -9.1107 -29.5723 -15.8721 -8.0989 -29.3276 -17.524
2 24 -9.582 -30.2168 -16.6464 -8.5395 -29.748 -17.9439
2 24 -8.0989 -29.3276 -17.524 -8.5395 -29.748 -17.9439
2 24 -9.582 -30.2168 -16.6464 -11.1742 -29.646 -16.2389
2 24 -9.1107 -29.5723 -15.8721 -11.2051 -29.0856 -15.5609
2 24 -11.1742 -29.646 -16.2389 -11.2051 -29.0856 -15.5609
2 24 -11.1742 -29.646 -16.2389 -12.1581 -28.5358 -16.9346
2 24 -11.2051 -29.0856 -15.5609 -11.7322 -26.7399 -15.4812
2 24 -12.1581 -28.5358 -16.9346 -12.0752 -27.6098 -18.1229
2 24 -11.7322 -26.7399 -15.4812 -11.9423 -25.9536 -17.2591
2 24 -12.0752 -27.6098 -18.1229 -11.1711 -27.2558 -19.1862
2 24 -11.9423 -25.9536 -17.2591 -10.9318 -25.9814 -18.8249
2 24 -8.5395 -29.748 -17.9439 -9.582 -30.2168 -16.6464
2 24 -9.582 -30.2168 -16.6464 -10.3416 -32.5112 -17.9837
2 24 -9.582 -30.2168 -16.6464 -11.1742 -29.646 -16.2389
2 24 -11.1742 -29.646 -16.2389 -12.1581 -28.5358 -16.9346
2 24 -12.1581 -28.5358 -16.9346 -12.0752 -27.6098 -18.1229
2 24 -12.0752 -27.6098 -18.1229 -11.1711 -27.2558 -19.1862
2 24 -11.1711 -27.2558 -19.1862 -9.828 -27.6725 -19.5888
2 24 -9.828 -27.6725 -19.5888 -8.7308 -28.6488 -19.1498
2 24 -8.5395 -29.748 -17.9439 -8.7308 -28.6488 -19.1498
2 24 -10.3416 -32.5112 -17.9837 -10.6488 -33.2282 -18.524
2 24 -13.0248 -31.39 -18.4571 -13.186 -32.1824 -18.9549
2 24 -10.6896 -30.5573 -21.238 -10.9562 -31.3794 -21.643
2 24 -9.504 -31.3109 -20.5692 -9.844 -32.1171 -20.9668
2 24 -3.2067 -12.0094 -5.5893 -9.1107 -29.5723 -15.8721
2 24 -3.2067 -12.0094 -5.5893 -2.0904 -11.6117 -7.042
2 24 -9.1107 -29.5723 -15.8721 -8.0989 -29.3276 -17.524
2 24 -2.0904 -11.6117 -7.042 -2.2372 -10.9643 -8.8134
2 24 -2.2372 -10.9643 -8.8134 -7.5092 -26.8194 -17.8799
2 24 -8.0989 -29.3276 -17.524 -7.5092 -26.8194 -17.8799
2 24 -2.2372 -10.9643 -8.8134 -3.7094 -10.2549 -9.8703
2 24 -7.5092 -26.8194 -17.8799 -9.0621 -26.0835 -19.1141
2 24 -3.7094 -10.2549 -9.8703 -9.0621 -26.0835 -19.1141
2 24 -3.7094 -10.2549 -9.8703 -5.6457 -9.9737 -9.5069
2 24 -9.0621 -26.0835 -19.1141 -10.9318 -25.9814 -18.8249
2 24 -10.9318 -25.9814 -18.8249 -11.9423 -25.9536 -17.2591
2 24 -11.9423 -25.9536 -17.2591 -11.7322 -26.7399 -15.4812
2 24 -6.4393 -11.0587 -6.2811 -5.0058 -11.6697 -5.3436
2 24 -11.7322 -26.7399 -15.4812 -11.2051 -29.0856 -15.5609
2 24 -5.0058 -11.6697 -5.3436 -11.2051 -29.0856 -15.5609
2 24 -3.2067 -12.0094 -5.5893 -5.0058 -11.6697 -5.3436
2 24 -9.1107 -29.5723 -15.8721 -11.2051 -29.0856 -15.5609
2 24 -5.472 -5.25 -6.1733 -4.556 -5.25 -7.6098
2 24 -6.7451 -10.367 -7.9021 -5.472 -5.25 -6.1733
2 24 -5.6457 -9.9737 -9.5069 -4.556 -5.25 -7.6098
2 24 -2.7934 -5.25 -7.9422 -3.7094 -10.2549 -9.8703
2 24 -4.556 -5.25 -7.6098 -2.7934 -5.25 -7.9422
2 24 -5.6457 -9.9737 -9.5069 -3.7094 -10.2549 -9.8703
2 24 -2.7934 -5.25 -7.9422 -1.3517 -5.25 -6.9179
2 24 -2.2372 -10.9643 -8.8134 -3.7094 -10.2549 -9.8703
2 24 -5.2616 -5.25 -4.5686 -5.1055 -5.25 -4.1907
2 24 -6.4393 -11.0587 -6.2811 -5.0058 -11.6697 -5.3436
2 24 -5.472 -5.25 -6.1733 -5.2616 -5.25 -4.5686
2 24 -1.0433 -11.75 -6.0019 -1.8232 -11.5109 -6.3449
2 24 -1.0433 -11.75 -6.0019 -0.8249 -5.25 -6.1699
2 24 -0.8249 -5.25 -6.1699 -1.087 -5.25 -6.5535
2 24 -3.2543 -5.25 -5.6358 -4.5355 -5.25 -4.3304
2 24 -3.0741 0 -5.3247 -4.7087 0 -3.951
2 24 -4.556 -5.25 -7.6098 -5.472 -5.25 -6.1733
2 24 -5.1055 -5.25 -4.1907 -4.9808 -5.25 -3.7325
2 24 -4.5355 -5.25 -4.3304 -4.9808 -5.25 -3.7325
2 24 -4.556 -5.25 -7.6098 -2.7934 -5.25 -7.9422
2 24 -5.1055 -5.25 -4.1907 -4.9808 -5.25 -3.7325
2 24 -4.5495 -11.4987 -4.7712 -4.7125 -11.75 -3.9233
2 24 -4.9808 -5.25 -3.7325 -4.7125 -11.75 -3.9233
2 24 -2.0904 -11.6117 -7.042 -1.8232 -11.5109 -6.3449
2 24 -2.0904 -11.6117 -7.042 -3.2067 -12.0094 -5.5893
2 24 -1.8232 -11.5109 -6.3449 -2.0904 -11.6117 -7.042
2 24 -3.2067 -12.0094 -5.5893 -5.0058 -11.6697 -5.3436
2 24 -5.0058 -11.6697 -5.3436 -4.5495 -11.4987 -4.7712
2 24 -2.9671 -11.75 -5.1393 -4.5495 -11.4987 -4.7712
2 24 -4.7125 -11.75 -3.9233 -4.5495 -11.4987 -4.7712
2 24 -2.9671 -11.75 -5.1393 -1.8232 -11.5109 -6.3449
2 24 -1.0433 -11.75 -6.0019 -1.8232 -11.5109 -6.3449
2 24 1.0692 0 -6.064 -1.0692 0 -6.064
2 24 -0.8249 -5.25 -6.1699 -1.4955 -5.25 -6.0935
2 24 -3.2543 -5.25 -5.6358 -1.4955 -5.25 -6.0935
2 24 -11.1711 -27.2558 -19.1862 -9.828 -27.6725 -19.5888
2 24 -10.9318 -25.9814 -18.8249 -9.0621 -26.0835 -19.1141
2 24 -9.0621 -26.0835 -19.1141 -7.5092 -26.8194 -17.8799
2 24 -9.828 -27.6725 -19.5888 -8.7308 -28.6488 -19.1498
2 24 -8.0989 -29.3276 -17.524 -7.5092 -26.8194 -17.8799
2 24 -8.5395 -29.748 -17.9439 -8.7308 -28.6488 -19.1498
2 24 -4.9808 -5.25 -3.7325 -4.7125 -11.75 -3.9233
2 24 -5.5613 -11.75 -2.6435 -4.7125 -11.75 -3.9233
2 24 5.6894 -5.25 -2.4042 5.7424 -11.75 -2.1117
2 24 5.0822 -11.75 -3.4565 5.7424 -11.75 -2.1117
2 24 4.7088 0 3.9511 5.7806 0 2.1038
2 24 5.7253 -5.25 2.3254 5.977 -5.25 1.7386
2 24 -5.7812 0 2.1041 -4.7087 0 3.951
2 24 -4.9363 -5.25 3.8012 -4.5274 -5.25 4.34
2 24 8.7511 -10.9644 2.4631 7.1301 -11.6355 1.7376
2 24 6.6669 -5.25 2.2884 6.219 -5.25 2.3353
2 24 -2.1309 -11.665 7.0069 -1.8616 -11.4879 6.322
2 24 -6.5136 -10.9643 6.3443 -5.0603 -11.6217 5.3207
2 24 -5.3153 -5.25 4.6295 -5.132 -5.25 4.2181
2 24 -5.0058 -11.6697 -5.3436 -4.5495 -11.4987 -4.7712
2 24 -2.2372 -10.9643 -8.8134 -2.0904 -11.6117 -7.042
2 24 -1.3517 -5.25 -6.9179 -1.087 -5.25 -6.5535
2 24 7.1217 -11.6842 -1.6795 6.4061 -11.4913 -1.5506
2 24 -3.0741 0 5.3247 -4.7087 0 3.951
2 24 -3.2486 -5.25 5.6274 -4.5274 -5.25 4.34
2 24 -1.4754 -5.25 6.0663 -0.758 -5.25 6.1381
2 24 -1.0692 0 6.064 1.0692 0 6.064
2 24 6.4618 -5.25 -0.0002 5.977 -5.25 1.7386
2 24 6.163 0 0 5.7806 0 2.1038
2 24 5.9698 -5.25 -1.7492 5.6894 -5.25 -2.4042
2 24 5.7806 0 -2.1038 4.7088 0 -3.9511
2 24 -4.5355 -5.25 -4.3304 -4.9808 -5.25 -3.7325
2 24 -5.7812 0 -2.104 -4.7087 0 -3.951
2 24 -3.0741 0 -5.3247 -1.0692 0 -6.064
2 24 -3.2543 -5.25 -5.6358 -1.4955 -5.25 -6.0935
2 24 4.7088 0 3.9511 5.7806 0 2.1038
2 24 4.7088 0 3.9511 3.0741 0 5.3247
2 24 3.5976 0 2.0771 2.0657 0 3.5779
2 24 2.0657 0 3.5779 0 0 4.1542
2 24 3.0741 0 5.3247 1.0692 0 6.064
2 24 1.0692 0 6.064 -1.0692 0 6.064
2 24 -1.0692 0 6.064 -3.0741 0 5.3247
2 24 0 0 4.1542 -2.0657 0 3.5779
2 24 -2.0657 0 3.5779 -3.5976 0 2.0771
2 24 -3.0741 0 5.3247 -4.7087 0 3.951
2 24 -4.7087 0 3.951 -5.7812 0 2.1041
2 24 -5.7812 0 2.1041 -6.2615 0 0
2 24 -3.5976 0 2.0771 -4.1314 0 0
2 24 -4.1314 0 0 -3.5976 0 -2.0771
2 24 -6.2615 0 0 -5.7812 0 -2.104
2 24 -5.7812 0 -2.104 -4.7087 0 -3.951
2 24 -4.7087 0 -3.951 -3.0741 0 -5.3247
2 24 -3.5976 0 -2.0771 -2.0657 0 -3.5779
2 24 -2.0657 0 -3.5779 0 0 -4.1542
2 24 -3.0741 0 -5.3247 -1.0692 0 -6.064
2 24 -1.0692 0 -6.064 1.0692 0 -6.064
2 24 1.0692 0 -6.064 3.0741 0 -5.3247
2 24 0 0 -4.1542 2.0657 0 -3.5779
2 24 2.0657 0 -3.5779 3.5976 0 -2.0771
2 24 3.0741 0 -5.3247 4.7088 0 -3.9511
2 24 4.7088 0 -3.9511 5.7806 0 -2.1038
2 24 5.7806 0 -2.1038 6.163 0 0
2 24 3.5976 0 -2.0771 4.1314 0 0
2 24 3.5976 0 2.0771 4.1314 0 0
2 24 5.7806 0 2.1038 6.163 0 0
2 24 3.0741 0 5.3247 4.7088 0 3.9511
2 24 3.1603 -11.75 5.4735 5.0924 -11.75 3.4408
2 24 -0.758 -5.25 6.1381 -1.0437 -11.75 6.0128
2 24 0.5166 -11.75 6.1292 -1.0437 -11.75 6.0128
2 24 3.0741 0 -5.3247 1.0692 0 -6.064
2 24 3.1561 -11.75 -5.4648 0.5794 -11.75 -6.1197
2 24 0 -11.75 -4.3534 1.9354 -11.75 -3.8362
2 24 0.5794 -11.75 -6.1197 3.1561 -11.75 -5.4648
2 24 -6.2615 0 0 -5.7812 0 2.1041
2 24 -6.2615 -11.75 0.0012 -5.5996 -11.75 2.5909
2 24 5.0924 -11.75 3.4408 5.7313 -11.75 2.106
2 24 5.7253 -5.25 2.3254 5.7313 -11.75 2.106
2 24 0.5794 -11.75 -6.1197 -1.0433 -11.75 -6.0019
2 24 -0.8249 -5.25 -6.1699 -1.0433 -11.75 -6.0019
2 24 0.5166 -11.75 6.1292 -1.0437 -11.75 6.0128
2 24 0 -11.75 4.3534 -1.9354 -11.75 3.8362
2 24 -5.5996 -11.75 2.5909 -4.6989 -11.75 3.9146
2 24 -4.9363 -5.25 3.8012 -4.6989 -11.75 3.9146
2 24 -1.0364 7.3171 -1.7951 -1.8053 7.3171 -1.0423
2 24 0 7.3171 -2.0846 -1.0364 7.3171 -1.7951
2 24 -2.0728 7.3171 0 -1.8053 7.3171 -1.0423
2 24 1.0364 7.3171 1.7951 1.8053 7.3171 1.0423
2 24 0 7.3171 2.0846 1.0364 7.3171 1.7951
2 24 2.0728 7.3171 0 1.8053 7.3171 1.0423
2 24 -1.4754 -5.25 6.0663 -3.2486 -5.25 5.6274
2 24 -3.2486 -5.25 5.6274 -4.5274 -5.25 4.34
2 24 -2.6102 -5.25 7.8256 -1.3258 -5.25 6.841
2 24 -5.4814 -5.25 6.3903 -5.3153 -5.25 4.6295
2 24 -1.0765 -5.25 6.5169 -0.758 -5.25 6.1381
2 24 -1.4754 -5.25 6.0663 -0.758 -5.25 6.1381
2 24 -4.5274 -5.25 4.34 -4.9363 -5.25 3.8012
2 24 -5.132 -5.25 4.2181 -4.9363 -5.25 3.8012
2 24 -5.472 -5.25 -6.1733 -5.2616 -5.25 -4.5686
2 24 -2.7934 -5.25 -7.9422 -1.3517 -5.25 -6.9179
2 24 -4.5355 -5.25 -4.3304 -3.2543 -5.25 -5.6358
2 24 -5.1055 -5.25 -4.1907 -5.2616 -5.25 -4.5686
2 24 -1.3517 -5.25 -6.9179 -1.087 -5.25 -6.5535
2 24 -1.4955 -5.25 -6.0935 -0.8249 -5.25 -6.1699
2 24 -1.087 -5.25 -6.5535 -0.8249 -5.25 -6.1699
2 24 8.0822 -5.25 -1.6523 6.5873 -5.25 -2.2723
2 24 6.6669 -5.25 2.2884 8.2749 -5.25 1.5519
2 24 5.9698 -5.25 -1.7492 6.4618 -5.25 -0.0002
2 24 5.9698 -5.25 -1.7492 5.6894 -5.25 -2.4042
2 24 6.182 -5.25 -2.3262 5.6894 -5.25 -2.4042
2 24 5.977 -5.25 1.7386 5.7253 -5.25 2.3254
2 24 6.219 -5.25 2.3353 5.7253 -5.25 2.3254
2 24 6.4618 -5.25 -0.0002 5.977 -5.25 1.7386
0 STEP
