0 Plant Plate, Round 1 x 1 with Rounded Leaf
0 Name: bl_7905.dat
0 Author: 
0 BL_Item_No 7905
0 BFC CERTIFY CCW
3 16 5.7759 -8 -2.3925 6.2518 -8 0 5.7759 -12.5 -2.3925
3 16 5.7759 -12.5 -2.3925 6.2518 -8 0 6.2518 -12.5 0
3 16 -5.7759 -8 -2.3925 -6.25 -8 0 -9.2388 -8 -3.8268
3 16 -9.2388 -8 -3.8268 -6.25 -8 0 -10 -8 0
3 16 -6.25 -8 0 -5.7759 -8 -2.3925 -6.25 -12.5 0
3 16 -6.25 -12.5 0 -5.7759 -8 -2.3925 -5.7759 -12.5 -2.3925
3 16 -5.7759 -8 -2.3925 -4.4207 -8 -4.4207 -5.7759 -12.5 -2.3925
3 16 -5.7759 -12.5 -2.3925 -4.4207 -8 -4.4207 -4.4207 -12.5 -4.4207
3 16 -4.4207 -8 -4.4207 -5.7759 -8 -2.3925 -7.0711 -8 -7.0711
3 16 -7.0711 -8 -7.0711 -5.7759 -8 -2.3925 -9.2388 -8 -3.8268
3 16 -4.4207 -8 -4.4207 -2.3925 -8 -5.7759 -4.4207 -12.5 -4.4207
3 16 -4.4207 -12.5 -4.4207 -2.3925 -8 -5.7759 -2.3925 -12.5 -5.7759
3 16 -2.3925 -8 -5.7759 -4.4207 -8 -4.4207 -3.8268 -8 -9.2388
3 16 -3.8268 -8 -9.2388 -4.4207 -8 -4.4207 -7.0711 -8 -7.0711
3 16 -2.3925 -8 -5.7759 0 -8 -6.2518 -2.3925 -12.5 -5.7759
3 16 -2.3925 -12.5 -5.7759 0 -8 -6.2518 0 -12.5 -6.2518
3 16 0 -8 -6.2518 -2.3925 -8 -5.7759 0 -8 -10
3 16 0 -8 -10 -2.3925 -8 -5.7759 -3.8268 -8 -9.2388
3 16 0 -8 -6.2518 2.3925 -8 -5.7759 0 -12.5 -6.2518
3 16 0 -12.5 -6.2518 2.3925 -8 -5.7759 2.3925 -12.5 -5.7759
3 16 2.3925 -8 -5.7759 0 -8 -6.2518 3.8268 -8 -9.2388
3 16 3.8268 -8 -9.2388 0 -8 -6.2518 0 -8 -10
3 16 2.3925 -8 -5.7759 4.4207 -8 -4.4207 2.3925 -12.5 -5.7759
3 16 2.3925 -12.5 -5.7759 4.4207 -8 -4.4207 4.4207 -12.5 -4.4207
3 16 4.4207 -8 -4.4207 2.3925 -8 -5.7759 7.0711 -8 -7.0711
3 16 7.0711 -8 -7.0711 2.3925 -8 -5.7759 3.8268 -8 -9.2388
3 16 4.4207 -8 -4.4207 5.7759 -8 -2.3925 4.4207 -12.5 -4.4207
3 16 4.4207 -12.5 -4.4207 5.7759 -8 -2.3925 5.7759 -12.5 -2.3925
3 16 5.7759 -8 -2.3925 4.4207 -8 -4.4207 7.6282 -8 -6.2364
3 16 7.6282 -8 -6.2364 4.4207 -8 -4.4207 7.0711 -8 -7.0711
3 16 -7.391 0 -3.0615 -8 0 0 -5.7742 0 -2.3918
3 16 -5.7742 0 -2.3918 -8 0 0 -6.25 0 0
3 16 -8 0 0 -7.391 0 -3.0615 -8 -5 0
3 16 -8 -5 0 -7.391 0 -3.0615 -7.391 -5 -3.0615
3 16 -7.391 -5 -3.0615 -7.391 0 -3.0615 -5.6569 -5 -5.6569
3 16 -5.6569 -5 -5.6569 -7.391 0 -3.0615 -5.6569 0 -5.6569
3 16 -5.6569 0 -5.6569 -7.391 0 -3.0615 -4.4194 0 -4.4194
3 16 -4.4194 0 -4.4194 -7.391 0 -3.0615 -5.7742 0 -2.3918
3 16 -5.6569 -5 -5.6569 -5.6569 0 -5.6569 -3.0615 -5 -7.391
3 16 -3.0615 -5 -7.391 -5.6569 0 -5.6569 -3.0615 0 -7.391
3 16 -3.0615 0 -7.391 -5.6569 0 -5.6569 -2.3918 0 -5.7742
3 16 -2.3918 0 -5.7742 -5.6569 0 -5.6569 -4.4194 0 -4.4194
3 16 -3.0615 -5 -7.391 -3.0615 0 -7.391 0 -5 -8
3 16 0 -5 -8 -3.0615 0 -7.391 0 0 -8
3 16 0 0 -8 -3.0615 0 -7.391 0 0 -6.25
3 16 0 0 -6.25 -3.0615 0 -7.391 -2.3918 0 -5.7742
3 16 0 -5 -8 0 0 -8 3.0615 -5 -7.391
3 16 3.0615 -5 -7.391 0 0 -8 3.0615 0 -7.391
3 16 3.0615 -5 -7.391 3.0615 0 -7.391 5.6569 -5 -5.6569
3 16 5.6569 -5 -5.6569 3.0615 0 -7.391 5.6569 0 -5.6569
3 16 5.6569 -5 -5.6569 5.6569 0 -5.6569 7.391 -5 -3.0615
3 16 7.391 -5 -3.0615 5.6569 0 -5.6569 7.391 0 -3.0615
3 16 7.391 -5 -3.0615 7.391 0 -3.0615 8 -5 0
3 16 8 -5 0 7.391 0 -3.0615 8 0 0
3 16 -9.2388 -8 -3.8268 -9.2388 -5 -3.8268 -7.0711 -8 -7.0711
3 16 -7.0711 -8 -7.0711 -9.2388 -5 -3.8268 -7.0711 -5 -7.0711
3 16 -5.6569 -5 -5.6569 -7.0711 -5 -7.0711 -7.391 -5 -3.0615
3 16 -7.391 -5 -3.0615 -7.0711 -5 -7.0711 -9.2388 -5 -3.8268
3 16 -7.0711 -8 -7.0711 -7.0711 -5 -7.0711 -3.8268 -8 -9.2388
3 16 -3.8268 -8 -9.2388 -7.0711 -5 -7.0711 -3.8268 -5 -9.2388
3 16 -3.0615 -5 -7.391 -3.8268 -5 -9.2388 -5.6569 -5 -5.6569
3 16 -5.6569 -5 -5.6569 -3.8268 -5 -9.2388 -7.0711 -5 -7.0711
3 16 -3.8268 -8 -9.2388 -3.8268 -5 -9.2388 0 -8 -10
3 16 0 -8 -10 -3.8268 -5 -9.2388 0 -5 -10
3 16 0 -5 -8 0 -5 -10 -3.0615 -5 -7.391
3 16 -3.0615 -5 -7.391 0 -5 -10 -3.8268 -5 -9.2388
3 16 0 -8 -10 0 -5 -10 3.8268 -8 -9.2388
3 16 3.8268 -8 -9.2388 0 -5 -10 3.8268 -5 -9.2388
3 16 3.0615 -5 -7.391 3.8268 -5 -9.2388 0 -5 -8
3 16 0 -5 -8 3.8268 -5 -9.2388 0 -5 -10
3 16 3.8268 -8 -9.2388 3.8268 -5 -9.2388 7.0711 -8 -7.0711
3 16 7.0711 -8 -7.0711 3.8268 -5 -9.2388 7.0711 -5 -7.0711
3 16 7.0711 -5 -7.0711 3.8268 -5 -9.2388 5.6569 -5 -5.6569
3 16 5.6569 -5 -5.6569 3.8268 -5 -9.2388 3.0615 -5 -7.391
3 16 -7.391 -5 -3.0615 -9.2388 -5 -3.8268 -8 -5 0
3 16 -8 -5 0 -9.2388 -5 -3.8268 -10 -5 0
3 16 -10 -5 0 -9.2388 -5 -3.8268 -10 -8 0
3 16 -10 -8 0 -9.2388 -5 -3.8268 -9.2388 -8 -3.8268
3 16 -3.6955 -12.5 -1.5307 -5.7759 -12.5 -2.3925 -2.8284 -12.5 -2.8284
3 16 -2.8284 -12.5 -2.8284 -5.7759 -12.5 -2.3925 -4.4207 -12.5 -4.4207
3 16 -2.8284 -12.5 -2.8284 -4.4207 -12.5 -4.4207 -1.5307 -12.5 -3.6955
3 16 -1.5307 -12.5 -3.6955 -4.4207 -12.5 -4.4207 -2.3925 -12.5 -5.7759
3 16 -1.5307 -12.5 -3.6955 -2.3925 -12.5 -5.7759 0 -12.5 -4
3 16 0 -12.5 -4 -2.3925 -12.5 -5.7759 0 -12.5 -6.2518
3 16 0 -12.5 -4 0 -12.5 -6.2518 1.5307 -12.5 -3.6955
3 16 1.5307 -12.5 -3.6955 0 -12.5 -6.2518 2.3925 -12.5 -5.7759
3 16 1.5307 -12.5 -3.6955 2.3925 -12.5 -5.7759 2.8284 -12.5 -2.8284
3 16 2.8284 -12.5 -2.8284 2.3925 -12.5 -5.7759 4.4207 -12.5 -4.4207
3 16 2.8284 -12.5 -2.8284 4.4207 -12.5 -4.4207 3.6955 -12.5 -1.5307
3 16 3.6955 -12.5 -1.5307 4.4207 -12.5 -4.4207 5.7759 -12.5 -2.3925
3 16 3.6955 -12.5 -1.5307 5.7759 -12.5 -2.3925 4 -12.5 0
3 16 4 -12.5 0 5.7759 -12.5 -2.3925 6.2518 -12.5 0
3 16 -5.7759 -12.5 -2.3925 -3.6955 -12.5 -1.5307 -6.25 -12.5 0
3 16 -6.25 -12.5 0 -3.6955 -12.5 -1.5307 -4 -12.5 0
3 16 -4 -12.5 0 -3.6955 -12.5 -1.5307 -4 -5.5 0
3 16 -4 -5.5 0 -3.6955 -12.5 -1.5307 -3.6955 -5.5 -1.5307
3 16 -3.6955 -5.5 -1.5307 -3.6955 -12.5 -1.5307 -2.8284 -5.5 -2.8284
3 16 -2.8284 -5.5 -2.8284 -3.6955 -12.5 -1.5307 -2.8284 -12.5 -2.8284
3 16 -2.8284 -5.5 -2.8284 -2.8284 -12.5 -2.8284 -1.5307 -5.5 -3.6955
3 16 -1.5307 -5.5 -3.6955 -2.8284 -12.5 -2.8284 -1.5307 -12.5 -3.6955
3 16 -1.5307 -5.5 -3.6955 -1.5307 -12.5 -3.6955 0 -5.5 -4
3 16 0 -5.5 -4 -1.5307 -12.5 -3.6955 0 -12.5 -4
3 16 0 -5.5 -4 0 -12.5 -4 1.5307 -5.5 -3.6955
3 16 1.5307 -5.5 -3.6955 0 -12.5 -4 1.5307 -12.5 -3.6955
3 16 1.5307 -5.5 -3.6955 1.5307 -12.5 -3.6955 2.8284 -5.5 -2.8284
3 16 2.8284 -5.5 -2.8284 1.5307 -12.5 -3.6955 2.8284 -12.5 -2.8284
3 16 2.8284 -5.5 -2.8284 2.8284 -12.5 -2.8284 3.6955 -5.5 -1.5307
3 16 3.6955 -5.5 -1.5307 2.8284 -12.5 -2.8284 3.6955 -12.5 -1.5307
3 16 -4 -5.5 0 -3.6955 -5.5 -1.5307 -6.25 -5.5 0
3 16 -6.25 -5.5 0 -3.6955 -5.5 -1.5307 -5.7742 -5.5 -2.3918
3 16 -5.7742 -5.5 -2.3918 -3.6955 -5.5 -1.5307 -4.4194 -5.5 -4.4194
3 16 -4.4194 -5.5 -4.4194 -3.6955 -5.5 -1.5307 -2.8284 -5.5 -2.8284
3 16 -4.4194 -5.5 -4.4194 -2.8284 -5.5 -2.8284 -2.3918 -5.5 -5.7742
3 16 -2.3918 -5.5 -5.7742 -2.8284 -5.5 -2.8284 -1.5307 -5.5 -3.6955
3 16 -2.3918 -5.5 -5.7742 -1.5307 -5.5 -3.6955 0 -5.5 -6.25
3 16 0 -5.5 -6.25 -1.5307 -5.5 -3.6955 0 -5.5 -4
3 16 0 -5.5 -6.25 0 -5.5 -4 2.3918 -5.5 -5.7742
3 16 2.3918 -5.5 -5.7742 0 -5.5 -4 1.5307 -5.5 -3.6955
3 16 2.3918 -5.5 -5.7742 1.5307 -5.5 -3.6955 4.4194 -5.5 -4.4194
3 16 4.4194 -5.5 -4.4194 1.5307 -5.5 -3.6955 2.8284 -5.5 -2.8284
3 16 4.4194 -5.5 -4.4194 2.8284 -5.5 -2.8284 5.7742 -5.5 -2.3918
3 16 5.7742 -5.5 -2.3918 2.8284 -5.5 -2.8284 3.6955 -5.5 -1.5307
3 16 5.7742 -5.5 -2.3918 3.6955 -5.5 -1.5307 6.25 -5.5 0
3 16 6.25 -5.5 0 3.6955 -5.5 -1.5307 4 -5.5 0
3 16 4 -5.5 0 3.6955 -5.5 -1.5307 4 -12.5 0
3 16 4 -12.5 0 3.6955 -5.5 -1.5307 3.6955 -12.5 -1.5307
3 16 -4.4194 -5.5 -4.4194 -4.4194 0 -4.4194 -5.7742 -5.5 -2.3918
3 16 -5.7742 -5.5 -2.3918 -4.4194 0 -4.4194 -5.7742 0 -2.3918
3 16 -2.3918 -5.5 -5.7742 -2.3918 0 -5.7742 -4.4194 -5.5 -4.4194
3 16 -4.4194 -5.5 -4.4194 -2.3918 0 -5.7742 -4.4194 0 -4.4194
3 16 0 -5.5 -6.25 0 0 -6.25 -2.3918 -5.5 -5.7742
3 16 -2.3918 -5.5 -5.7742 0 0 -6.25 -2.3918 0 -5.7742
3 16 0 0 -8 0 0 -6.25 3.0615 0 -7.391
3 16 3.0615 0 -7.391 0 0 -6.25 2.3918 0 -5.7742
3 16 2.3918 -5.5 -5.7742 2.3918 0 -5.7742 0 -5.5 -6.25
3 16 0 -5.5 -6.25 2.3918 0 -5.7742 0 0 -6.25
3 16 3.0615 0 -7.391 2.3918 0 -5.7742 5.6569 0 -5.6569
3 16 5.6569 0 -5.6569 2.3918 0 -5.7742 4.4194 0 -4.4194
3 16 4.4194 -5.5 -4.4194 4.4194 0 -4.4194 2.3918 -5.5 -5.7742
3 16 2.3918 -5.5 -5.7742 4.4194 0 -4.4194 2.3918 0 -5.7742
3 16 5.6569 0 -5.6569 4.4194 0 -4.4194 7.391 0 -3.0615
3 16 7.391 0 -3.0615 4.4194 0 -4.4194 5.7742 0 -2.3918
3 16 5.7742 -5.5 -2.3918 5.7742 0 -2.3918 4.4194 -5.5 -4.4194
3 16 4.4194 -5.5 -4.4194 5.7742 0 -2.3918 4.4194 0 -4.4194
3 16 7.391 0 -3.0615 5.7742 0 -2.3918 8 0 0
3 16 8 0 0 5.7742 0 -2.3918 6.25 0 0
3 16 6.25 0 0 5.7742 0 -2.3918 6.25 -5.5 0
3 16 6.25 -5.5 0 5.7742 0 -2.3918 5.7742 -5.5 -2.3918
3 16 -5.7742 -5.5 -2.3918 -5.7742 0 -2.3918 -6.25 -5.5 0
3 16 -6.25 -5.5 0 -5.7742 0 -2.3918 -6.25 0 0
3 16 28.4917 -4.5016 -9.5644 34.1942 -3.7873 -8.716 28.9059 -7.1995 -9.6225
3 16 28.9059 -7.1995 -9.6225 34.1942 -3.7873 -8.716 34.6383 -6.4671 -8.9545
3 16 48.9168 2.1421 0 49.7498 -0.1351 0 48.3641 1.6919 -2.2077
3 16 48.3641 1.6919 -2.2077 49.7498 -0.1351 0 49.2792 -0.5419 -2.0502
3 16 48.9168 2.1421 0 48.3641 1.6919 -2.2077 45.8914 0.6359 0
3 16 45.8914 0.6359 0 48.3641 1.6919 -2.2077 46.2719 0.2791 -4.6477
3 16 10.8995 -4.9981 0 16.3639 -4.9851 0 10.8241 -4.999 -7.5045
3 16 10.8241 -4.999 -7.5045 16.3639 -4.9851 0 16.1951 -4.986 -8.8237
3 16 16.3639 -4.9851 0 22.3332 -4.9678 0 16.1951 -4.986 -8.8237
3 16 16.1951 -4.986 -8.8237 22.3332 -4.9678 0 22.3332 -4.9678 -9.7202
3 16 28.4917 -4.6185 0 28.4917 -4.5016 -9.5644 22.3332 -4.9678 0
3 16 22.3332 -4.9678 0 28.4917 -4.5016 -9.5644 22.3332 -4.9678 -9.7202
3 16 39.4139 -1.9828 0 39.4229 -2.5906 -7.6718 34.274 -3.5376 0
3 16 34.274 -3.5376 0 39.4229 -2.5906 -7.6718 34.1942 -3.7873 -8.716
3 16 34.274 -3.5376 0 34.1942 -3.7873 -8.716 28.4917 -4.6185 0
3 16 28.4917 -4.6185 0 34.1942 -3.7873 -8.716 28.4917 -4.5016 -9.5644
3 16 16.1951 -4.986 -8.8237 16.1818 -7.9152 -8.8787 10.8241 -4.999 -7.5045
3 16 10.8241 -4.999 -7.5045 16.1818 -7.9152 -8.8787 10.8241 -7.9894 -7.5045
3 16 16.1951 -4.986 -8.8237 22.3332 -4.9678 -9.7202 16.1818 -7.9152 -8.8787
3 16 16.1818 -7.9152 -8.8787 22.3332 -4.9678 -9.7202 22.4827 -7.6999 -9.7291
3 16 22.3332 -4.9678 -9.7202 28.4917 -4.5016 -9.5644 22.4827 -7.6999 -9.7291
3 16 22.4827 -7.6999 -9.7291 28.4917 -4.5016 -9.5644 28.9059 -7.1995 -9.6225
3 16 39.4229 -2.5906 -7.6718 43.2279 -1.2765 -6.3697 40.2212 -5.1255 -7.724
3 16 40.2212 -5.1255 -7.724 43.2279 -1.2765 -6.3697 44.3599 -3.6173 -6.3318
3 16 47.3727 -1.9366 -4.4903 46.2719 0.2791 -4.6477 49.2792 -0.5419 -2.0502
3 16 49.2792 -0.5419 -2.0502 46.2719 0.2791 -4.6477 48.3641 1.6919 -2.2077
3 16 34.6383 -6.4671 -8.9545 34.1942 -3.7873 -8.716 40.2212 -5.1255 -7.724
3 16 40.2212 -5.1255 -7.724 34.1942 -3.7873 -8.716 39.4229 -2.5906 -7.6718
3 16 46.2719 0.2791 -4.6477 47.3727 -1.9366 -4.4903 43.2279 -1.2765 -6.3697
3 16 43.2279 -1.2765 -6.3697 47.3727 -1.9366 -4.4903 44.3599 -3.6173 -6.3318
3 16 43.2279 -1.2765 -6.3697 43.0025 -0.6538 0 46.2719 0.2791 -4.6477
3 16 46.2719 0.2791 -4.6477 43.0025 -0.6538 0 45.8914 0.6359 0
3 16 47.3727 -1.9366 -4.4903 43.3495 -3.2858 -0.85 44.3599 -3.6173 -6.3318
3 16 44.3599 -3.6173 -6.3318 43.3495 -3.2858 -0.85 41.1078 -4.1825 -1.0354
3 16 44.3599 -3.6173 -6.3318 41.1078 -4.1825 -1.0354 40.2212 -5.1255 -7.724
3 16 40.2212 -5.1255 -7.724 41.1078 -4.1825 -1.0354 37.6917 -5.3199 -1.1594
3 16 40.2212 -5.1255 -7.724 37.6917 -5.3199 -1.1594 34.6383 -6.4671 -8.9545
3 16 34.6383 -6.4671 -8.9545 37.6917 -5.3199 -1.1594 33.0686 -6.5388 -1.2411
3 16 34.6383 -6.4671 -8.9545 33.0686 -6.5388 -1.2411 28.9059 -7.1995 -9.6225
3 16 28.9059 -7.1995 -9.6225 33.0686 -6.5388 -1.2411 28.0802 -7.4089 -1.2938
3 16 28.9059 -7.1995 -9.6225 28.0802 -7.4089 -1.2938 22.4827 -7.6999 -9.7291
3 16 22.4827 -7.6999 -9.7291 28.0802 -7.4089 -1.2938 22.4827 -7.9313 -1.2939
3 16 16.1818 -7.9152 -8.8787 22.4827 -7.6999 -9.7291 17.8058 -7.9884 -1.1078
3 16 17.8058 -7.9884 -1.1078 22.4827 -7.6999 -9.7291 22.4827 -7.9313 -1.2939
3 16 43.3495 -3.2858 -0.85 47.3727 -1.9366 -4.4903 45.4906 -2.333 -0.4446
3 16 45.4906 -2.333 -0.4446 47.3727 -1.9366 -4.4903 49.2792 -0.5419 -2.0502
3 16 28.0802 -7.4089 -1.2938 33.0686 -6.5388 -1.2411 28.013 -6.8982 0
3 16 28.013 -6.8982 0 33.0686 -6.5388 -1.2411 33.0784 -6.0677 0
3 16 10.8241 -7.9894 -7.5045 16.1818 -7.9152 -8.8787 13.5557 -7.9898 -0.8665
3 16 13.5557 -7.9898 -0.8665 16.1818 -7.9152 -8.8787 17.8058 -7.9884 -1.1078
3 16 13.5557 -7.9898 -0.8665 17.8058 -7.9884 -1.1078 13.5617 -7.7933 0
3 16 13.5617 -7.7933 0 17.8058 -7.9884 -1.1078 17.8601 -7.6225 0
3 16 17.8058 -7.9884 -1.1078 22.4827 -7.9313 -1.2939 17.8601 -7.6225 0
3 16 17.8601 -7.6225 0 22.4827 -7.9313 -1.2939 22.4822 -7.4159 0
3 16 22.4827 -7.9313 -1.2939 28.0802 -7.4089 -1.2938 22.4822 -7.4159 0
3 16 22.4822 -7.4159 0 28.0802 -7.4089 -1.2938 28.013 -6.8982 0
3 16 9.5614 -7.99 0 10.2092 -7.99 -0.38 13.5617 -7.7933 0
3 16 13.5617 -7.7933 0 10.2092 -7.99 -0.38 13.5557 -7.9898 -0.8665
3 16 37.6917 -5.3199 -1.1594 37.3097 -5.0174 0 33.0686 -6.5388 -1.2411
3 16 33.0686 -6.5388 -1.2411 37.3097 -5.0174 0 33.0784 -6.0677 0
3 16 41.1078 -4.1825 -1.0354 40.4948 -4.0573 0 37.6917 -5.3199 -1.1594
3 16 37.6917 -5.3199 -1.1594 40.4948 -4.0573 0 37.3097 -5.0174 0
3 16 43.3495 -3.2858 -0.85 42.9083 -3.2279 0 41.1078 -4.1825 -1.0354
3 16 41.1078 -4.1825 -1.0354 42.9083 -3.2279 0 40.4948 -4.0573 0
3 16 39.4229 -2.5906 -7.6718 39.4139 -1.9828 0 43.2279 -1.2765 -6.3697
3 16 43.2279 -1.2765 -6.3697 39.4139 -1.9828 0 43.0025 -0.6538 0
3 16 46.1848 -2.0025 0 42.9083 -3.2279 0 45.4906 -2.333 -0.4446
3 16 45.4906 -2.333 -0.4446 42.9083 -3.2279 0 43.3495 -3.2858 -0.85
3 16 7.0711 -5 -7.0711 5.6569 -5 -5.6569 7.6282 -5 -6.2364
3 16 7.6282 -5 -6.2364 5.6569 -5 -5.6569 7.391 -5 -3.0615
3 16 7.391 -5 -3.0615 10.8241 -4.999 -7.5045 7.6282 -5 -6.2364
3 16 7.6282 -8 -6.2364 7.0711 -8 -7.0711 7.6282 -5 -6.2364
3 16 7.6282 -5 -6.2364 7.0711 -8 -7.0711 7.0711 -5 -7.0711
3 16 7.6282 -8 -6.2364 7.6282 -5 -6.2364 10.8241 -7.9894 -7.5045
3 16 10.8241 -7.9894 -7.5045 7.6282 -5 -6.2364 10.8241 -4.999 -7.5045
3 16 7.6282 -8 -6.2364 10.8241 -7.9894 -7.5045 10.2092 -7.99 -0.38
3 16 10.2092 -7.99 -0.38 10.8241 -7.9894 -7.5045 13.5557 -7.9898 -0.8665
3 16 49.7498 -0.1351 0 46.1848 -2.0025 0 49.2792 -0.5419 -2.0502
3 16 49.2792 -0.5419 -2.0502 46.1848 -2.0025 0 45.4906 -2.333 -0.4446
3 16 -7.0711 -5 7.0711 -9.2388 -5 3.8268 -7.0711 -8 7.0711
3 16 -7.0711 -8 7.0711 -9.2388 -5 3.8268 -9.2388 -8 3.8268
3 16 -3.8268 -5 9.2388 -7.0711 -5 7.0711 -3.8268 -8 9.2388
3 16 -3.8268 -8 9.2388 -7.0711 -5 7.0711 -7.0711 -8 7.0711
3 16 0 -5 10 -3.8268 -5 9.2388 0 -8 10
3 16 0 -8 10 -3.8268 -5 9.2388 -3.8268 -8 9.2388
3 16 3.8268 -5 9.2388 0 -5 10 3.8268 -8 9.2388
3 16 3.8268 -8 9.2388 0 -5 10 0 -8 10
3 16 7.0711 -5 7.0711 3.8268 -5 9.2388 7.0711 -8 7.0711
3 16 7.0711 -8 7.0711 3.8268 -5 9.2388 3.8268 -8 9.2388
3 16 -9.2388 -5 3.8268 -10 -5 0 -9.2388 -8 3.8268
3 16 -9.2388 -8 3.8268 -10 -5 0 -10 -8 0
3 16 -4.4207 -12.5 4.4207 -5.7759 -12.5 2.3925 -2.8284 -12.5 2.8284
3 16 -2.8284 -12.5 2.8284 -5.7759 -12.5 2.3925 -3.6955 -12.5 1.5307
3 16 -2.3925 -12.5 5.7759 -4.4207 -12.5 4.4207 -1.5307 -12.5 3.6955
3 16 -1.5307 -12.5 3.6955 -4.4207 -12.5 4.4207 -2.8284 -12.5 2.8284
3 16 0 -12.5 6.2518 -2.3925 -12.5 5.7759 0 -12.5 4
3 16 0 -12.5 4 -2.3925 -12.5 5.7759 -1.5307 -12.5 3.6955
3 16 2.3925 -12.5 5.7759 0 -12.5 6.2518 1.5307 -12.5 3.6955
3 16 1.5307 -12.5 3.6955 0 -12.5 6.2518 0 -12.5 4
3 16 4.4207 -12.5 4.4207 2.3925 -12.5 5.7759 2.8284 -12.5 2.8284
3 16 2.8284 -12.5 2.8284 2.3925 -12.5 5.7759 1.5307 -12.5 3.6955
3 16 3.6955 -12.5 1.5307 5.7759 -12.5 2.3925 2.8284 -12.5 2.8284
3 16 2.8284 -12.5 2.8284 5.7759 -12.5 2.3925 4.4207 -12.5 4.4207
3 16 3.6955 -12.5 1.5307 4 -12.5 0 5.7759 -12.5 2.3925
3 16 5.7759 -12.5 2.3925 4 -12.5 0 6.2518 -12.5 0
3 16 -5.7759 -12.5 2.3925 -6.25 -12.5 0 -3.6955 -12.5 1.5307
3 16 -3.6955 -12.5 1.5307 -6.25 -12.5 0 -4 -12.5 0
3 16 -2.8284 -12.5 2.8284 -3.6955 -12.5 1.5307 -2.8284 -5.5 2.8284
3 16 -2.8284 -5.5 2.8284 -3.6955 -12.5 1.5307 -3.6955 -5.5 1.5307
3 16 -1.5307 -12.5 3.6955 -2.8284 -12.5 2.8284 -1.5307 -5.5 3.6955
3 16 -1.5307 -5.5 3.6955 -2.8284 -12.5 2.8284 -2.8284 -5.5 2.8284
3 16 0 -12.5 4 -1.5307 -12.5 3.6955 0 -5.5 4
3 16 0 -5.5 4 -1.5307 -12.5 3.6955 -1.5307 -5.5 3.6955
3 16 1.5307 -12.5 3.6955 0 -12.5 4 1.5307 -5.5 3.6955
3 16 1.5307 -5.5 3.6955 0 -12.5 4 0 -5.5 4
3 16 2.8284 -12.5 2.8284 1.5307 -12.5 3.6955 2.8284 -5.5 2.8284
3 16 2.8284 -5.5 2.8284 1.5307 -12.5 3.6955 1.5307 -5.5 3.6955
3 16 3.6955 -12.5 1.5307 2.8284 -12.5 2.8284 3.6955 -5.5 1.5307
3 16 3.6955 -5.5 1.5307 2.8284 -12.5 2.8284 2.8284 -5.5 2.8284
3 16 4 -5.5 0 4 -12.5 0 3.6955 -5.5 1.5307
3 16 3.6955 -5.5 1.5307 4 -12.5 0 3.6955 -12.5 1.5307
3 16 -3.6955 -12.5 1.5307 -4 -12.5 0 -3.6955 -5.5 1.5307
3 16 -3.6955 -5.5 1.5307 -4 -12.5 0 -4 -5.5 0
3 16 -7.391 -5 3.0615 -5.6569 -5 5.6569 -7.391 0 3.0615
3 16 -7.391 0 3.0615 -5.6569 -5 5.6569 -5.6569 0 5.6569
3 16 -5.6569 -5 5.6569 -3.0615 -5 7.391 -5.6569 0 5.6569
3 16 -5.6569 0 5.6569 -3.0615 -5 7.391 -3.0615 0 7.391
3 16 -3.0615 -5 7.391 0 -5 8 -3.0615 0 7.391
3 16 -3.0615 0 7.391 0 -5 8 0 0 8
3 16 0 -5 8 3.0615 -5 7.391 0 0 8
3 16 0 0 8 3.0615 -5 7.391 3.0615 0 7.391
3 16 3.0615 -5 7.391 5.6569 -5 5.6569 3.0615 0 7.391
3 16 3.0615 0 7.391 5.6569 -5 5.6569 5.6569 0 5.6569
3 16 5.6569 -5 5.6569 7.391 -5 3.0615 5.6569 0 5.6569
3 16 5.6569 0 5.6569 7.391 -5 3.0615 7.391 0 3.0615
3 16 7.391 -5 3.0615 8 -5 0 7.391 0 3.0615
3 16 7.391 0 3.0615 8 -5 0 8 0 0
3 16 -8 0 0 -8 -5 0 -7.391 0 3.0615
3 16 -7.391 0 3.0615 -8 -5 0 -7.391 -5 3.0615
3 16 -5.6569 -5 5.6569 -7.391 -5 3.0615 -7.0711 -5 7.0711
3 16 -7.0711 -5 7.0711 -7.391 -5 3.0615 -9.2388 -5 3.8268
3 16 -3.0615 -5 7.391 -5.6569 -5 5.6569 -3.8268 -5 9.2388
3 16 -3.8268 -5 9.2388 -5.6569 -5 5.6569 -7.0711 -5 7.0711
3 16 0 -5 8 -3.0615 -5 7.391 0 -5 10
3 16 0 -5 10 -3.0615 -5 7.391 -3.8268 -5 9.2388
3 16 3.0615 -5 7.391 0 -5 8 3.8268 -5 9.2388
3 16 3.8268 -5 9.2388 0 -5 8 0 -5 10
3 16 5.6569 -5 5.6569 3.0615 -5 7.391 7.0711 -5 7.0711
3 16 7.0711 -5 7.0711 3.0615 -5 7.391 3.8268 -5 9.2388
3 16 -7.391 -5 3.0615 -8 -5 0 -9.2388 -5 3.8268
3 16 -9.2388 -5 3.8268 -8 -5 0 -10 -5 0
3 16 -4.4207 -8 4.4207 -7.0711 -8 7.0711 -5.7759 -8 2.3925
3 16 -5.7759 -8 2.3925 -7.0711 -8 7.0711 -9.2388 -8 3.8268
3 16 -2.3925 -8 5.7759 -3.8268 -8 9.2388 -4.4207 -8 4.4207
3 16 -4.4207 -8 4.4207 -3.8268 -8 9.2388 -7.0711 -8 7.0711
3 16 0 -8 6.2518 0 -8 10 -2.3925 -8 5.7759
3 16 -2.3925 -8 5.7759 0 -8 10 -3.8268 -8 9.2388
3 16 2.3925 -8 5.7759 3.8268 -8 9.2388 0 -8 6.2518
3 16 0 -8 6.2518 3.8268 -8 9.2388 0 -8 10
3 16 4.4207 -8 4.4207 7.0711 -8 7.0711 2.3925 -8 5.7759
3 16 2.3925 -8 5.7759 7.0711 -8 7.0711 3.8268 -8 9.2388
3 16 -5.7759 -8 2.3925 -9.2388 -8 3.8268 -6.25 -8 0
3 16 -6.25 -8 0 -9.2388 -8 3.8268 -10 -8 0
3 16 -5.7759 -8 2.3925 -5.7759 -12.5 2.3925 -4.4207 -8 4.4207
3 16 -4.4207 -8 4.4207 -5.7759 -12.5 2.3925 -4.4207 -12.5 4.4207
3 16 -4.4207 -8 4.4207 -4.4207 -12.5 4.4207 -2.3925 -8 5.7759
3 16 -2.3925 -8 5.7759 -4.4207 -12.5 4.4207 -2.3925 -12.5 5.7759
3 16 -2.3925 -8 5.7759 -2.3925 -12.5 5.7759 0 -8 6.2518
3 16 0 -8 6.2518 -2.3925 -12.5 5.7759 0 -12.5 6.2518
3 16 0 -8 6.2518 0 -12.5 6.2518 2.3925 -8 5.7759
3 16 2.3925 -8 5.7759 0 -12.5 6.2518 2.3925 -12.5 5.7759
3 16 2.3925 -8 5.7759 2.3925 -12.5 5.7759 4.4207 -8 4.4207
3 16 4.4207 -8 4.4207 2.3925 -12.5 5.7759 4.4207 -12.5 4.4207
3 16 4.4207 -8 4.4207 4.4207 -12.5 4.4207 5.7759 -8 2.3925
3 16 5.7759 -8 2.3925 4.4207 -12.5 4.4207 5.7759 -12.5 2.3925
3 16 5.7759 -8 2.3925 5.7759 -12.5 2.3925 6.2518 -8 0
3 16 6.2518 -8 0 5.7759 -12.5 2.3925 6.2518 -12.5 0
3 16 -6.25 -8 0 -6.25 -12.5 0 -5.7759 -8 2.3925
3 16 -5.7759 -8 2.3925 -6.25 -12.5 0 -5.7759 -12.5 2.3925
3 16 -5.7742 -5.5 2.3918 -4.4194 -5.5 4.4194 -3.6955 -5.5 1.5307
3 16 -3.6955 -5.5 1.5307 -4.4194 -5.5 4.4194 -2.8284 -5.5 2.8284
3 16 -4.4194 -5.5 4.4194 -2.3918 -5.5 5.7742 -2.8284 -5.5 2.8284
3 16 -2.8284 -5.5 2.8284 -2.3918 -5.5 5.7742 -1.5307 -5.5 3.6955
3 16 -2.3918 -5.5 5.7742 0 -5.5 6.25 -1.5307 -5.5 3.6955
3 16 -1.5307 -5.5 3.6955 0 -5.5 6.25 0 -5.5 4
3 16 0 -5.5 6.25 2.3918 -5.5 5.7742 0 -5.5 4
3 16 0 -5.5 4 2.3918 -5.5 5.7742 1.5307 -5.5 3.6955
3 16 2.3918 -5.5 5.7742 4.4194 -5.5 4.4194 1.5307 -5.5 3.6955
3 16 1.5307 -5.5 3.6955 4.4194 -5.5 4.4194 2.8284 -5.5 2.8284
3 16 4.4194 -5.5 4.4194 5.7742 -5.5 2.3918 2.8284 -5.5 2.8284
3 16 2.8284 -5.5 2.8284 5.7742 -5.5 2.3918 3.6955 -5.5 1.5307
3 16 5.7742 -5.5 2.3918 6.25 -5.5 0 3.6955 -5.5 1.5307
3 16 3.6955 -5.5 1.5307 6.25 -5.5 0 4 -5.5 0
3 16 -4 -5.5 0 -6.25 -5.5 0 -3.6955 -5.5 1.5307
3 16 -3.6955 -5.5 1.5307 -6.25 -5.5 0 -5.7742 -5.5 2.3918
3 16 -4.4194 -5.5 4.4194 -5.7742 -5.5 2.3918 -4.4194 0 4.4194
3 16 -4.4194 0 4.4194 -5.7742 -5.5 2.3918 -5.7742 0 2.3918
3 16 -2.3918 -5.5 5.7742 -4.4194 -5.5 4.4194 -2.3918 0 5.7742
3 16 -2.3918 0 5.7742 -4.4194 -5.5 4.4194 -4.4194 0 4.4194
3 16 0 -5.5 6.25 -2.3918 -5.5 5.7742 0 0 6.25
3 16 0 0 6.25 -2.3918 -5.5 5.7742 -2.3918 0 5.7742
3 16 2.3918 -5.5 5.7742 0 -5.5 6.25 2.3918 0 5.7742
3 16 2.3918 0 5.7742 0 -5.5 6.25 0 0 6.25
3 16 4.4194 -5.5 4.4194 2.3918 -5.5 5.7742 4.4194 0 4.4194
3 16 4.4194 0 4.4194 2.3918 -5.5 5.7742 2.3918 0 5.7742
3 16 5.7742 -5.5 2.3918 4.4194 -5.5 4.4194 5.7742 0 2.3918
3 16 5.7742 0 2.3918 4.4194 -5.5 4.4194 4.4194 0 4.4194
3 16 6.25 0 0 6.25 -5.5 0 5.7742 0 2.3918
3 16 5.7742 0 2.3918 6.25 -5.5 0 5.7742 -5.5 2.3918
3 16 -5.7742 -5.5 2.3918 -6.25 -5.5 0 -5.7742 0 2.3918
3 16 -5.7742 0 2.3918 -6.25 -5.5 0 -6.25 0 0
3 16 0 0 8 3.0615 0 7.391 0 0 6.25
3 16 0 0 6.25 3.0615 0 7.391 2.3918 0 5.7742
3 16 3.0615 0 7.391 5.6569 0 5.6569 2.3918 0 5.7742
3 16 2.3918 0 5.7742 5.6569 0 5.6569 4.4194 0 4.4194
3 16 5.6569 0 5.6569 7.391 0 3.0615 4.4194 0 4.4194
3 16 4.4194 0 4.4194 7.391 0 3.0615 5.7742 0 2.3918
3 16 7.391 0 3.0615 8 0 0 5.7742 0 2.3918
3 16 5.7742 0 2.3918 8 0 0 6.25 0 0
3 16 -5.6569 0 5.6569 -4.4194 0 4.4194 -7.391 0 3.0615
3 16 -7.391 0 3.0615 -4.4194 0 4.4194 -5.7742 0 2.3918
3 16 -3.0615 0 7.391 -2.3918 0 5.7742 -5.6569 0 5.6569
3 16 -5.6569 0 5.6569 -2.3918 0 5.7742 -4.4194 0 4.4194
3 16 0 0 8 0 0 6.25 -3.0615 0 7.391
3 16 -3.0615 0 7.391 0 0 6.25 -2.3918 0 5.7742
3 16 -7.391 0 3.0615 -5.7742 0 2.3918 -8 0 0
3 16 -8 0 0 -5.7742 0 2.3918 -6.25 0 0
3 16 7.391 -5 3.0615 5.6569 -5 5.6569 7.6282 -5 6.2364
3 16 7.6282 -5 6.2364 5.6569 -5 5.6569 7.0711 -5 7.0711
3 16 43.2279 -1.2765 6.3697 46.2719 0.2791 4.6477 43.0025 -0.6538 0
3 16 43.0025 -0.6538 0 46.2719 0.2791 4.6477 45.8914 0.6359 0
3 16 39.4229 -2.5906 7.6718 43.2279 -1.2765 6.3697 39.4139 -1.9828 0
3 16 39.4139 -1.9828 0 43.2279 -1.2765 6.3697 43.0025 -0.6538 0
3 16 34.1942 -3.7873 8.716 39.4229 -2.5906 7.6718 34.274 -3.5376 0
3 16 34.274 -3.5376 0 39.4229 -2.5906 7.6718 39.4139 -1.9828 0
3 16 28.4917 -4.5016 9.5644 34.1942 -3.7873 8.716 28.4917 -4.6185 0
3 16 28.4917 -4.6185 0 34.1942 -3.7873 8.716 34.274 -3.5376 0
3 16 22.3332 -4.9678 9.7202 28.4917 -4.5016 9.5644 22.3332 -4.9678 0
3 16 22.3332 -4.9678 0 28.4917 -4.5016 9.5644 28.4917 -4.6185 0
3 16 16.3639 -4.9851 0 16.1951 -4.986 8.8237 22.3332 -4.9678 0
3 16 22.3332 -4.9678 0 16.1951 -4.986 8.8237 22.3332 -4.9678 9.7202
3 16 16.1951 -4.986 8.8237 16.3639 -4.9851 0 10.8241 -4.999 7.5045
3 16 10.8241 -4.999 7.5045 16.3639 -4.9851 0 10.8995 -4.9981 0
3 16 48.9168 2.1421 0 45.8914 0.6359 0 48.3641 1.6919 2.2077
3 16 48.3641 1.6919 2.2077 45.8914 0.6359 0 46.2719 0.2791 4.6477
3 16 34.6383 -6.4671 8.9545 34.1942 -3.7873 8.716 28.9059 -7.1995 9.6225
3 16 28.9059 -7.1995 9.6225 34.1942 -3.7873 8.716 28.4917 -4.5016 9.5644
3 16 49.2792 -0.5419 2.0502 49.7498 -0.1351 0 48.3641 1.6919 2.2077
3 16 48.3641 1.6919 2.2077 49.7498 -0.1351 0 48.9168 2.1421 0
3 16 10.8241 -7.9894 7.5045 16.1818 -7.9152 8.8787 10.8241 -4.999 7.5045
3 16 10.8241 -4.999 7.5045 16.1818 -7.9152 8.8787 16.1951 -4.986 8.8237
3 16 16.1951 -4.986 8.8237 16.1818 -7.9152 8.8787 22.3332 -4.9678 9.7202
3 16 22.3332 -4.9678 9.7202 16.1818 -7.9152 8.8787 22.4827 -7.6999 9.7291
3 16 22.3332 -4.9678 9.7202 22.4827 -7.6999 9.7291 28.4917 -4.5016 9.5644
3 16 28.4917 -4.5016 9.5644 22.4827 -7.6999 9.7291 28.9059 -7.1995 9.6225
3 16 44.3599 -3.6173 6.3318 47.3727 -1.9366 4.4903 43.2279 -1.2765 6.3697
3 16 43.2279 -1.2765 6.3697 47.3727 -1.9366 4.4903 46.2719 0.2791 4.6477
3 16 47.3727 -1.9366 4.4903 49.2792 -0.5419 2.0502 46.2719 0.2791 4.6477
3 16 46.2719 0.2791 4.6477 49.2792 -0.5419 2.0502 48.3641 1.6919 2.2077
3 16 34.6383 -6.4671 8.9545 40.2212 -5.1255 7.724 34.1942 -3.7873 8.716
3 16 34.1942 -3.7873 8.716 40.2212 -5.1255 7.724 39.4229 -2.5906 7.6718
3 16 39.4229 -2.5906 7.6718 40.2212 -5.1255 7.724 43.2279 -1.2765 6.3697
3 16 43.2279 -1.2765 6.3697 40.2212 -5.1255 7.724 44.3599 -3.6173 6.3318
3 16 28.0802 -7.4089 1.2938 33.0686 -6.5388 1.2411 28.9059 -7.1995 9.6225
3 16 28.9059 -7.1995 9.6225 33.0686 -6.5388 1.2411 34.6383 -6.4671 8.9545
3 16 17.8058 -7.9884 1.1078 16.1818 -7.9152 8.8787 13.5557 -7.9898 0.8665
3 16 13.5557 -7.9898 0.8665 16.1818 -7.9152 8.8787 10.8241 -7.9894 7.5045
3 16 22.4827 -7.9313 1.2939 22.4827 -7.6999 9.7291 17.8058 -7.9884 1.1078
3 16 17.8058 -7.9884 1.1078 22.4827 -7.6999 9.7291 16.1818 -7.9152 8.8787
3 16 22.4827 -7.9313 1.2939 28.0802 -7.4089 1.2938 22.4827 -7.6999 9.7291
3 16 22.4827 -7.6999 9.7291 28.0802 -7.4089 1.2938 28.9059 -7.1995 9.6225
3 16 43.3495 -3.2858 0.85 45.4906 -2.333 0.4446 47.3727 -1.9366 4.4903
3 16 47.3727 -1.9366 4.4903 45.4906 -2.333 0.4446 49.2792 -0.5419 2.0502
3 16 33.0686 -6.5388 1.2411 37.6917 -5.3199 1.1594 34.6383 -6.4671 8.9545
3 16 34.6383 -6.4671 8.9545 37.6917 -5.3199 1.1594 40.2212 -5.1255 7.724
3 16 37.6917 -5.3199 1.1594 41.1078 -4.1825 1.0354 40.2212 -5.1255 7.724
3 16 40.2212 -5.1255 7.724 41.1078 -4.1825 1.0354 44.3599 -3.6173 6.3318
3 16 41.1078 -4.1825 1.0354 43.3495 -3.2858 0.85 44.3599 -3.6173 6.3318
3 16 44.3599 -3.6173 6.3318 43.3495 -3.2858 0.85 47.3727 -1.9366 4.4903
3 16 5.7759 -8 2.3925 6.2518 -8 0 9.5614 -7.99 0
3 16 40.4948 -4.0573 0 42.9083 -3.2279 0 41.1078 -4.1825 1.0354
3 16 41.1078 -4.1825 1.0354 42.9083 -3.2279 0 43.3495 -3.2858 0.85
3 16 37.3097 -5.0174 0 40.4948 -4.0573 0 37.6917 -5.3199 1.1594
3 16 37.6917 -5.3199 1.1594 40.4948 -4.0573 0 41.1078 -4.1825 1.0354
3 16 33.0784 -6.0677 0 37.3097 -5.0174 0 33.0686 -6.5388 1.2411
3 16 33.0686 -6.5388 1.2411 37.3097 -5.0174 0 37.6917 -5.3199 1.1594
3 16 28.0802 -7.4089 1.2938 28.013 -6.8982 0 33.0686 -6.5388 1.2411
3 16 33.0686 -6.5388 1.2411 28.013 -6.8982 0 33.0784 -6.0677 0
3 16 22.4827 -7.9313 1.2939 22.4822 -7.4159 0 28.0802 -7.4089 1.2938
3 16 28.0802 -7.4089 1.2938 22.4822 -7.4159 0 28.013 -6.8982 0
3 16 17.8058 -7.9884 1.1078 17.8601 -7.6225 0 22.4827 -7.9313 1.2939
3 16 22.4827 -7.9313 1.2939 17.8601 -7.6225 0 22.4822 -7.4159 0
3 16 17.8601 -7.6225 0 17.8058 -7.9884 1.1078 13.5617 -7.7933 0
3 16 13.5617 -7.7933 0 17.8058 -7.9884 1.1078 13.5557 -7.9898 0.8665
3 16 9.5614 -7.99 0 13.5617 -7.7933 0 10.2092 -7.99 0.38
3 16 10.2092 -7.99 0.38 13.5617 -7.7933 0 13.5557 -7.9898 0.8665
3 16 10.8241 -4.999 7.5045 7.6282 -5 6.2364 10.8241 -7.9894 7.5045
3 16 10.8241 -7.9894 7.5045 7.6282 -5 6.2364 7.6282 -8 6.2364
3 16 5.7759 -8 2.3925 7.6282 -8 6.2364 4.4207 -8 4.4207
3 16 4.4207 -8 4.4207 7.6282 -8 6.2364 7.0711 -8 7.0711
3 16 7.6282 -8 6.2364 7.6282 -5 6.2364 7.0711 -8 7.0711
3 16 7.0711 -8 7.0711 7.6282 -5 6.2364 7.0711 -5 7.0711
3 16 10.8241 -4.999 7.5045 10.8995 -4.9981 0 7.391 -5 3.0615
3 16 7.391 -5 3.0615 10.8995 -4.9981 0 8 -5 0
3 16 45.4906 -2.333 0.4446 46.1848 -2.0025 0 49.2792 -0.5419 2.0502
3 16 49.2792 -0.5419 2.0502 46.1848 -2.0025 0 49.7498 -0.1351 0
3 16 43.3495 -3.2858 0.85 42.9083 -3.2279 0 45.4906 -2.333 0.4446
3 16 45.4906 -2.333 0.4446 42.9083 -3.2279 0 46.1848 -2.0025 0
3 16 10.8241 -4.999 7.5045 7.391 -5 3.0615 7.6282 -5 6.2364
3 16 10.8241 -4.999 -7.5045 7.391 -5 -3.0615 10.8995 -4.9981 0
3 16 10.8995 -4.9981 0 7.391 -5 -3.0615 8 -5 0
3 16 7.6282 -8 -6.2364 10.2092 -7.99 -0.38 5.7759 -8 -2.3925
3 16 5.7759 -8 -2.3925 10.2092 -7.99 -0.38 9.5614 -7.99 0
3 16 5.7759 -8 -2.3925 9.5614 -7.99 0 6.2518 -8 0
3 16 7.6282 -8 6.2364 5.7759 -8 2.3925 10.2092 -7.99 0.38
3 16 10.2092 -7.99 0.38 5.7759 -8 2.3925 9.5614 -7.99 0
3 16 7.6282 -8 6.2364 10.2092 -7.99 0.38 10.8241 -7.9894 7.5045
3 16 10.8241 -7.9894 7.5045 10.2092 -7.99 0.38 13.5557 -7.9898 0.8665
2 24 5.7759 -8 -2.3925 6.2518 -8 0
2 24 5.7759 -12.5 -2.3925 6.2518 -12.5 0
2 24 -5.7759 -8 -2.3925 -6.25 -8 0
2 24 -9.2388 -8 -3.8268 -10 -8 0
2 24 -6.25 -8 0 -5.7759 -8 -2.3925
2 24 -6.25 -12.5 0 -5.7759 -12.5 -2.3925
2 24 -5.7759 -8 -2.3925 -4.4207 -8 -4.4207
2 24 -5.7759 -12.5 -2.3925 -4.4207 -12.5 -4.4207
2 24 -5.7759 -8 -2.3925 -4.4207 -8 -4.4207
2 24 -9.2388 -8 -3.8268 -7.0711 -8 -7.0711
2 24 -4.4207 -8 -4.4207 -2.3925 -8 -5.7759
2 24 -4.4207 -12.5 -4.4207 -2.3925 -12.5 -5.7759
2 24 -4.4207 -8 -4.4207 -2.3925 -8 -5.7759
2 24 -7.0711 -8 -7.0711 -3.8268 -8 -9.2388
2 24 -2.3925 -8 -5.7759 0 -8 -6.2518
2 24 -2.3925 -12.5 -5.7759 0 -12.5 -6.2518
2 24 -2.3925 -8 -5.7759 0 -8 -6.2518
2 24 -3.8268 -8 -9.2388 0 -8 -10
2 24 0 -8 -6.2518 2.3925 -8 -5.7759
2 24 0 -12.5 -6.2518 2.3925 -12.5 -5.7759
2 24 0 -8 -6.2518 2.3925 -8 -5.7759
2 24 0 -8 -10 3.8268 -8 -9.2388
2 24 2.3925 -8 -5.7759 4.4207 -8 -4.4207
2 24 2.3925 -12.5 -5.7759 4.4207 -12.5 -4.4207
2 24 2.3925 -8 -5.7759 4.4207 -8 -4.4207
2 24 3.8268 -8 -9.2388 7.0711 -8 -7.0711
2 24 5.7759 -8 -2.3925 4.4207 -8 -4.4207
2 24 5.7759 -12.5 -2.3925 4.4207 -12.5 -4.4207
2 24 4.4207 -8 -4.4207 5.7759 -8 -2.3925
2 24 7.0711 -8 -7.0711 7.6282 -8 -6.2364
2 24 -7.391 0 -3.0615 -8 0 0
2 24 -5.7742 0 -2.3918 -6.25 0 0
2 24 -8 0 0 -7.391 0 -3.0615
2 24 -8 -5 0 -7.391 -5 -3.0615
2 24 -7.391 -5 -3.0615 -5.6569 -5 -5.6569
2 24 -7.391 0 -3.0615 -5.6569 0 -5.6569
2 24 -7.391 0 -3.0615 -5.6569 0 -5.6569
2 24 -5.7742 0 -2.3918 -4.4194 0 -4.4194
2 24 -5.6569 -5 -5.6569 -3.0615 -5 -7.391
2 24 -5.6569 0 -5.6569 -3.0615 0 -7.391
2 24 -5.6569 0 -5.6569 -3.0615 0 -7.391
2 24 -4.4194 0 -4.4194 -2.3918 0 -5.7742
2 24 -3.0615 -5 -7.391 0 -5 -8
2 24 -3.0615 0 -7.391 0 0 -8
2 24 -3.0615 0 -7.391 0 0 -8
2 24 -2.3918 0 -5.7742 0 0 -6.25
2 24 0 -5 -8 3.0615 -5 -7.391
2 24 0 0 -8 3.0615 0 -7.391
2 24 3.0615 -5 -7.391 5.6569 -5 -5.6569
2 24 3.0615 0 -7.391 5.6569 0 -5.6569
2 24 5.6569 -5 -5.6569 7.391 -5 -3.0615
2 24 5.6569 0 -5.6569 7.391 0 -3.0615
2 24 7.391 -5 -3.0615 8 -5 0
2 24 7.391 0 -3.0615 8 0 0
2 24 -9.2388 -8 -3.8268 -7.0711 -8 -7.0711
2 24 -9.2388 -5 -3.8268 -7.0711 -5 -7.0711
2 24 -5.6569 -5 -5.6569 -7.391 -5 -3.0615
2 24 -7.0711 -5 -7.0711 -9.2388 -5 -3.8268
2 24 -7.0711 -8 -7.0711 -3.8268 -8 -9.2388
2 24 -7.0711 -5 -7.0711 -3.8268 -5 -9.2388
2 24 -5.6569 -5 -5.6569 -3.0615 -5 -7.391
2 24 -7.0711 -5 -7.0711 -3.8268 -5 -9.2388
2 24 -3.8268 -8 -9.2388 0 -8 -10
2 24 -3.8268 -5 -9.2388 0 -5 -10
2 24 -3.0615 -5 -7.391 0 -5 -8
2 24 -3.8268 -5 -9.2388 0 -5 -10
2 24 0 -8 -10 3.8268 -8 -9.2388
2 24 0 -5 -10 3.8268 -5 -9.2388
2 24 0 -5 -8 3.0615 -5 -7.391
2 24 0 -5 -10 3.8268 -5 -9.2388
2 24 3.8268 -8 -9.2388 7.0711 -8 -7.0711
2 24 3.8268 -5 -9.2388 7.0711 -5 -7.0711
2 24 3.8268 -5 -9.2388 7.0711 -5 -7.0711
2 24 3.0615 -5 -7.391 5.6569 -5 -5.6569
2 24 -7.391 -5 -3.0615 -8 -5 0
2 24 -9.2388 -5 -3.8268 -10 -5 0
2 24 -9.2388 -5 -3.8268 -10 -5 0
2 24 -9.2388 -8 -3.8268 -10 -8 0
2 24 -3.6955 -12.5 -1.5307 -2.8284 -12.5 -2.8284
2 24 -5.7759 -12.5 -2.3925 -4.4207 -12.5 -4.4207
2 24 -2.8284 -12.5 -2.8284 -1.5307 -12.5 -3.6955
2 24 -4.4207 -12.5 -4.4207 -2.3925 -12.5 -5.7759
2 24 -1.5307 -12.5 -3.6955 0 -12.5 -4
2 24 -2.3925 -12.5 -5.7759 0 -12.5 -6.2518
2 24 0 -12.5 -4 1.5307 -12.5 -3.6955
2 24 0 -12.5 -6.2518 2.3925 -12.5 -5.7759
2 24 1.5307 -12.5 -3.6955 2.8284 -12.5 -2.8284
2 24 2.3925 -12.5 -5.7759 4.4207 -12.5 -4.4207
2 24 2.8284 -12.5 -2.8284 3.6955 -12.5 -1.5307
2 24 4.4207 -12.5 -4.4207 5.7759 -12.5 -2.3925
2 24 3.6955 -12.5 -1.5307 4 -12.5 0
2 24 5.7759 -12.5 -2.3925 6.2518 -12.5 0
2 24 -5.7759 -12.5 -2.3925 -6.25 -12.5 0
2 24 -3.6955 -12.5 -1.5307 -4 -12.5 0
2 24 -4 -12.5 0 -3.6955 -12.5 -1.5307
2 24 -4 -5.5 0 -3.6955 -5.5 -1.5307
2 24 -3.6955 -5.5 -1.5307 -2.8284 -5.5 -2.8284
2 24 -3.6955 -12.5 -1.5307 -2.8284 -12.5 -2.8284
2 24 -2.8284 -5.5 -2.8284 -1.5307 -5.5 -3.6955
2 24 -2.8284 -12.5 -2.8284 -1.5307 -12.5 -3.6955
2 24 -1.5307 -5.5 -3.6955 0 -5.5 -4
2 24 -1.5307 -12.5 -3.6955 0 -12.5 -4
2 24 0 -5.5 -4 1.5307 -5.5 -3.6955
2 24 0 -12.5 -4 1.5307 -12.5 -3.6955
2 24 1.5307 -5.5 -3.6955 2.8284 -5.5 -2.8284
2 24 1.5307 -12.5 -3.6955 2.8284 -12.5 -2.8284
2 24 2.8284 -5.5 -2.8284 3.6955 -5.5 -1.5307
2 24 2.8284 -12.5 -2.8284 3.6955 -12.5 -1.5307
2 24 -4 -5.5 0 -3.6955 -5.5 -1.5307
2 24 -6.25 -5.5 0 -5.7742 -5.5 -2.3918
2 24 -5.7742 -5.5 -2.3918 -4.4194 -5.5 -4.4194
2 24 -3.6955 -5.5 -1.5307 -2.8284 -5.5 -2.8284
2 24 -4.4194 -5.5 -4.4194 -2.3918 -5.5 -5.7742
2 24 -2.8284 -5.5 -2.8284 -1.5307 -5.5 -3.6955
2 24 -2.3918 -5.5 -5.7742 0 -5.5 -6.25
2 24 -1.5307 -5.5 -3.6955 0 -5.5 -4
2 24 0 -5.5 -6.25 2.3918 -5.5 -5.7742
2 24 0 -5.5 -4 1.5307 -5.5 -3.6955
2 24 2.3918 -5.5 -5.7742 4.4194 -5.5 -4.4194
2 24 1.5307 -5.5 -3.6955 2.8284 -5.5 -2.8284
2 24 4.4194 -5.5 -4.4194 5.7742 -5.5 -2.3918
2 24 2.8284 -5.5 -2.8284 3.6955 -5.5 -1.5307
2 24 5.7742 -5.5 -2.3918 6.25 -5.5 0
2 24 3.6955 -5.5 -1.5307 4 -5.5 0
2 24 3.6955 -5.5 -1.5307 4 -5.5 0
2 24 3.6955 -12.5 -1.5307 4 -12.5 0
2 24 -4.4194 -5.5 -4.4194 -5.7742 -5.5 -2.3918
2 24 -4.4194 0 -4.4194 -5.7742 0 -2.3918
2 24 -4.4194 -5.5 -4.4194 -2.3918 -5.5 -5.7742
2 24 -4.4194 0 -4.4194 -2.3918 0 -5.7742
2 24 -2.3918 -5.5 -5.7742 0 -5.5 -6.25
2 24 -2.3918 0 -5.7742 0 0 -6.25
2 24 0 0 -8 3.0615 0 -7.391
2 24 0 0 -6.25 2.3918 0 -5.7742
2 24 0 -5.5 -6.25 2.3918 -5.5 -5.7742
2 24 0 0 -6.25 2.3918 0 -5.7742
2 24 3.0615 0 -7.391 5.6569 0 -5.6569
2 24 2.3918 0 -5.7742 4.4194 0 -4.4194
2 24 2.3918 -5.5 -5.7742 4.4194 -5.5 -4.4194
2 24 2.3918 0 -5.7742 4.4194 0 -4.4194
2 24 5.6569 0 -5.6569 7.391 0 -3.0615
2 24 4.4194 0 -4.4194 5.7742 0 -2.3918
2 24 4.4194 -5.5 -4.4194 5.7742 -5.5 -2.3918
2 24 4.4194 0 -4.4194 5.7742 0 -2.3918
2 24 7.391 0 -3.0615 8 0 0
2 24 5.7742 0 -2.3918 6.25 0 0
2 24 5.7742 0 -2.3918 6.25 0 0
2 24 5.7742 -5.5 -2.3918 6.25 -5.5 0
2 24 -5.7742 -5.5 -2.3918 -6.25 -5.5 0
2 24 -5.7742 0 -2.3918 -6.25 0 0
2 24 28.4917 -4.5016 -9.5644 34.1942 -3.7873 -8.716
2 24 28.9059 -7.1995 -9.6225 34.6383 -6.4671 -8.9545
2 24 48.9168 2.1421 0 48.3641 1.6919 -2.2077
2 24 49.7498 -0.1351 0 49.2792 -0.5419 -2.0502
2 24 48.9168 2.1421 0 48.3641 1.6919 -2.2077
2 24 48.3641 1.6919 -2.2077 46.2719 0.2791 -4.6477
2 24 10.8241 -4.999 -7.5045 16.1951 -4.986 -8.8237
2 24 16.1951 -4.986 -8.8237 22.3332 -4.9678 -9.7202
2 24 22.3332 -4.9678 -9.7202 28.4917 -4.5016 -9.5644
2 24 39.4229 -2.5906 -7.6718 34.1942 -3.7873 -8.716
2 24 28.4917 -4.5016 -9.5644 34.1942 -3.7873 -8.716
2 24 16.1951 -4.986 -8.8237 10.8241 -4.999 -7.5045
2 24 16.1818 -7.9152 -8.8787 10.8241 -7.9894 -7.5045
2 24 16.1951 -4.986 -8.8237 22.3332 -4.9678 -9.7202
2 24 16.1818 -7.9152 -8.8787 22.4827 -7.6999 -9.7291
2 24 28.4917 -4.5016 -9.5644 22.3332 -4.9678 -9.7202
2 24 28.9059 -7.1995 -9.6225 22.4827 -7.6999 -9.7291
2 24 39.4229 -2.5906 -7.6718 43.2279 -1.2765 -6.3697
2 24 40.2212 -5.1255 -7.724 44.3599 -3.6173 -6.3318
2 24 49.2792 -0.5419 -2.0502 47.3727 -1.9366 -4.4903
2 24 48.3641 1.6919 -2.2077 46.2719 0.2791 -4.6477
2 24 34.6383 -6.4671 -8.9545 40.2212 -5.1255 -7.724
2 24 34.1942 -3.7873 -8.716 39.4229 -2.5906 -7.6718
2 24 43.2279 -1.2765 -6.3697 46.2719 0.2791 -4.6477
2 24 44.3599 -3.6173 -6.3318 47.3727 -1.9366 -4.4903
2 24 46.2719 0.2791 -4.6477 43.2279 -1.2765 -6.3697
2 24 47.3727 -1.9366 -4.4903 44.3599 -3.6173 -6.3318
2 24 43.3495 -3.2858 -0.85 41.1078 -4.1825 -1.0354
2 24 44.3599 -3.6173 -6.3318 40.2212 -5.1255 -7.724
2 24 41.1078 -4.1825 -1.0354 37.6917 -5.3199 -1.1594
2 24 40.2212 -5.1255 -7.724 34.6383 -6.4671 -8.9545
2 24 37.6917 -5.3199 -1.1594 33.0686 -6.5388 -1.2411
2 24 34.6383 -6.4671 -8.9545 28.9059 -7.1995 -9.6225
2 24 33.0686 -6.5388 -1.2411 28.0802 -7.4089 -1.2938
2 24 28.9059 -7.1995 -9.6225 22.4827 -7.6999 -9.7291
2 24 28.0802 -7.4089 -1.2938 22.4827 -7.9313 -1.2939
2 24 22.4827 -7.6999 -9.7291 16.1818 -7.9152 -8.8787
2 24 22.4827 -7.9313 -1.2939 17.8058 -7.9884 -1.1078
2 24 43.3495 -3.2858 -0.85 45.4906 -2.333 -0.4446
2 24 47.3727 -1.9366 -4.4903 49.2792 -0.5419 -2.0502
2 24 28.0802 -7.4089 -1.2938 33.0686 -6.5388 -1.2411
2 24 16.1818 -7.9152 -8.8787 10.8241 -7.9894 -7.5045
2 24 17.8058 -7.9884 -1.1078 13.5557 -7.9898 -0.8665
2 24 13.5557 -7.9898 -0.8665 17.8058 -7.9884 -1.1078
2 24 17.8058 -7.9884 -1.1078 22.4827 -7.9313 -1.2939
2 24 28.0802 -7.4089 -1.2938 22.4827 -7.9313 -1.2939
2 24 13.5557 -7.9898 -0.8665 10.2092 -7.99 -0.38
2 24 33.0686 -6.5388 -1.2411 37.6917 -5.3199 -1.1594
2 24 37.6917 -5.3199 -1.1594 41.1078 -4.1825 -1.0354
2 24 41.1078 -4.1825 -1.0354 43.3495 -3.2858 -0.85
2 24 39.4229 -2.5906 -7.6718 43.2279 -1.2765 -6.3697
2 24 46.1848 -2.0025 0 45.4906 -2.333 -0.4446
2 24 43.3495 -3.2858 -0.85 45.4906 -2.333 -0.4446
2 24 7.0711 -5 -7.0711 7.6282 -5 -6.2364
2 24 5.6569 -5 -5.6569 7.391 -5 -3.0615
2 24 10.8241 -4.999 -7.5045 7.6282 -5 -6.2364
2 24 7.0711 -8 -7.0711 7.6282 -8 -6.2364
2 24 7.6282 -8 -6.2364 7.6282 -5 -6.2364
2 24 7.0711 -5 -7.0711 7.6282 -5 -6.2364
2 24 7.6282 -8 -6.2364 7.6282 -5 -6.2364
2 24 10.8241 -7.9894 -7.5045 7.6282 -8 -6.2364
2 24 10.8241 -4.999 -7.5045 7.6282 -5 -6.2364
2 24 7.6282 -8 -6.2364 10.8241 -7.9894 -7.5045
2 24 13.5557 -7.9898 -0.8665 10.2092 -7.99 -0.38
2 24 49.2792 -0.5419 -2.0502 49.7498 -0.1351 0
2 24 45.4906 -2.333 -0.4446 46.1848 -2.0025 0
2 24 -7.0711 -5 7.0711 -9.2388 -5 3.8268
2 24 -7.0711 -8 7.0711 -9.2388 -8 3.8268
2 24 -7.0711 -5 7.0711 -3.8268 -5 9.2388
2 24 -7.0711 -8 7.0711 -3.8268 -8 9.2388
2 24 -3.8268 -5 9.2388 0 -5 10
2 24 -3.8268 -8 9.2388 0 -8 10
2 24 0 -5 10 3.8268 -5 9.2388
2 24 0 -8 10 3.8268 -8 9.2388
2 24 3.8268 -5 9.2388 7.0711 -5 7.0711
2 24 3.8268 -8 9.2388 7.0711 -8 7.0711
2 24 -10 -5 0 -9.2388 -5 3.8268
2 24 -10 -8 0 -9.2388 -8 3.8268
2 24 -4.4207 -12.5 4.4207 -5.7759 -12.5 2.3925
2 24 -2.8284 -12.5 2.8284 -3.6955 -12.5 1.5307
2 24 -4.4207 -12.5 4.4207 -2.3925 -12.5 5.7759
2 24 -2.8284 -12.5 2.8284 -1.5307 -12.5 3.6955
2 24 -2.3925 -12.5 5.7759 0 -12.5 6.2518
2 24 -1.5307 -12.5 3.6955 0 -12.5 4
2 24 0 -12.5 6.2518 2.3925 -12.5 5.7759
2 24 0 -12.5 4 1.5307 -12.5 3.6955
2 24 2.3925 -12.5 5.7759 4.4207 -12.5 4.4207
2 24 1.5307 -12.5 3.6955 2.8284 -12.5 2.8284
2 24 2.8284 -12.5 2.8284 3.6955 -12.5 1.5307
2 24 4.4207 -12.5 4.4207 5.7759 -12.5 2.3925
2 24 4 -12.5 0 3.6955 -12.5 1.5307
2 24 6.2518 -12.5 0 5.7759 -12.5 2.3925
2 24 -6.25 -12.5 0 -5.7759 -12.5 2.3925
2 24 -4 -12.5 0 -3.6955 -12.5 1.5307
2 24 -2.8284 -12.5 2.8284 -3.6955 -12.5 1.5307
2 24 -2.8284 -5.5 2.8284 -3.6955 -5.5 1.5307
2 24 -2.8284 -12.5 2.8284 -1.5307 -12.5 3.6955
2 24 -2.8284 -5.5 2.8284 -1.5307 -5.5 3.6955
2 24 -1.5307 -12.5 3.6955 0 -12.5 4
2 24 -1.5307 -5.5 3.6955 0 -5.5 4
2 24 0 -12.5 4 1.5307 -12.5 3.6955
2 24 0 -5.5 4 1.5307 -5.5 3.6955
2 24 1.5307 -12.5 3.6955 2.8284 -12.5 2.8284
2 24 1.5307 -5.5 3.6955 2.8284 -5.5 2.8284
2 24 2.8284 -12.5 2.8284 3.6955 -12.5 1.5307
2 24 2.8284 -5.5 2.8284 3.6955 -5.5 1.5307
2 24 4 -5.5 0 3.6955 -5.5 1.5307
2 24 4 -12.5 0 3.6955 -12.5 1.5307
2 24 -4 -12.5 0 -3.6955 -12.5 1.5307
2 24 -4 -5.5 0 -3.6955 -5.5 1.5307
2 24 -7.391 -5 3.0615 -5.6569 -5 5.6569
2 24 -7.391 0 3.0615 -5.6569 0 5.6569
2 24 -5.6569 -5 5.6569 -3.0615 -5 7.391
2 24 -5.6569 0 5.6569 -3.0615 0 7.391
2 24 -3.0615 -5 7.391 0 -5 8
2 24 -3.0615 0 7.391 0 0 8
2 24 0 -5 8 3.0615 -5 7.391
2 24 0 0 8 3.0615 0 7.391
2 24 3.0615 -5 7.391 5.6569 -5 5.6569
2 24 3.0615 0 7.391 5.6569 0 5.6569
2 24 5.6569 -5 5.6569 7.391 -5 3.0615
2 24 5.6569 0 5.6569 7.391 0 3.0615
2 24 8 -5 0 7.391 -5 3.0615
2 24 8 0 0 7.391 0 3.0615
2 24 -8 0 0 -7.391 0 3.0615
2 24 -8 -5 0 -7.391 -5 3.0615
2 24 -5.6569 -5 5.6569 -7.391 -5 3.0615
2 24 -7.0711 -5 7.0711 -9.2388 -5 3.8268
2 24 -5.6569 -5 5.6569 -3.0615 -5 7.391
2 24 -7.0711 -5 7.0711 -3.8268 -5 9.2388
2 24 -3.0615 -5 7.391 0 -5 8
2 24 -3.8268 -5 9.2388 0 -5 10
2 24 0 -5 8 3.0615 -5 7.391
2 24 0 -5 10 3.8268 -5 9.2388
2 24 3.0615 -5 7.391 5.6569 -5 5.6569
2 24 3.8268 -5 9.2388 7.0711 -5 7.0711
2 24 -8 -5 0 -7.391 -5 3.0615
2 24 -10 -5 0 -9.2388 -5 3.8268
2 24 -4.4207 -8 4.4207 -5.7759 -8 2.3925
2 24 -7.0711 -8 7.0711 -9.2388 -8 3.8268
2 24 -4.4207 -8 4.4207 -2.3925 -8 5.7759
2 24 -7.0711 -8 7.0711 -3.8268 -8 9.2388
2 24 -2.3925 -8 5.7759 0 -8 6.2518
2 24 -3.8268 -8 9.2388 0 -8 10
2 24 0 -8 6.2518 2.3925 -8 5.7759
2 24 0 -8 10 3.8268 -8 9.2388
2 24 2.3925 -8 5.7759 4.4207 -8 4.4207
2 24 3.8268 -8 9.2388 7.0711 -8 7.0711
2 24 -6.25 -8 0 -5.7759 -8 2.3925
2 24 -10 -8 0 -9.2388 -8 3.8268
2 24 -5.7759 -8 2.3925 -4.4207 -8 4.4207
2 24 -5.7759 -12.5 2.3925 -4.4207 -12.5 4.4207
2 24 -4.4207 -8 4.4207 -2.3925 -8 5.7759
2 24 -4.4207 -12.5 4.4207 -2.3925 -12.5 5.7759
2 24 -2.3925 -8 5.7759 0 -8 6.2518
2 24 -2.3925 -12.5 5.7759 0 -12.5 6.2518
2 24 0 -8 6.2518 2.3925 -8 5.7759
2 24 0 -12.5 6.2518 2.3925 -12.5 5.7759
2 24 2.3925 -8 5.7759 4.4207 -8 4.4207
2 24 2.3925 -12.5 5.7759 4.4207 -12.5 4.4207
2 24 4.4207 -8 4.4207 5.7759 -8 2.3925
2 24 4.4207 -12.5 4.4207 5.7759 -12.5 2.3925
2 24 6.2518 -8 0 5.7759 -8 2.3925
2 24 6.2518 -12.5 0 5.7759 -12.5 2.3925
2 24 -6.25 -8 0 -5.7759 -8 2.3925
2 24 -6.25 -12.5 0 -5.7759 -12.5 2.3925
2 24 -5.7742 -5.5 2.3918 -4.4194 -5.5 4.4194
2 24 -3.6955 -5.5 1.5307 -2.8284 -5.5 2.8284
2 24 -4.4194 -5.5 4.4194 -2.3918 -5.5 5.7742
2 24 -2.8284 -5.5 2.8284 -1.5307 -5.5 3.6955
2 24 -2.3918 -5.5 5.7742 0 -5.5 6.25
2 24 -1.5307 -5.5 3.6955 0 -5.5 4
2 24 0 -5.5 6.25 2.3918 -5.5 5.7742
2 24 0 -5.5 4 1.5307 -5.5 3.6955
2 24 2.3918 -5.5 5.7742 4.4194 -5.5 4.4194
2 24 1.5307 -5.5 3.6955 2.8284 -5.5 2.8284
2 24 4.4194 -5.5 4.4194 5.7742 -5.5 2.3918
2 24 2.8284 -5.5 2.8284 3.6955 -5.5 1.5307
2 24 6.25 -5.5 0 5.7742 -5.5 2.3918
2 24 4 -5.5 0 3.6955 -5.5 1.5307
2 24 -4 -5.5 0 -3.6955 -5.5 1.5307
2 24 -6.25 -5.5 0 -5.7742 -5.5 2.3918
2 24 -4.4194 -5.5 4.4194 -5.7742 -5.5 2.3918
2 24 -4.4194 0 4.4194 -5.7742 0 2.3918
2 24 -4.4194 -5.5 4.4194 -2.3918 -5.5 5.7742
2 24 -4.4194 0 4.4194 -2.3918 0 5.7742
2 24 -2.3918 -5.5 5.7742 0 -5.5 6.25
2 24 -2.3918 0 5.7742 0 0 6.25
2 24 0 -5.5 6.25 2.3918 -5.5 5.7742
2 24 0 0 6.25 2.3918 0 5.7742
2 24 2.3918 -5.5 5.7742 4.4194 -5.5 4.4194
2 24 2.3918 0 5.7742 4.4194 0 4.4194
2 24 4.4194 -5.5 4.4194 5.7742 -5.5 2.3918
2 24 4.4194 0 4.4194 5.7742 0 2.3918
2 24 6.25 0 0 5.7742 0 2.3918
2 24 6.25 -5.5 0 5.7742 -5.5 2.3918
2 24 -6.25 -5.5 0 -5.7742 -5.5 2.3918
2 24 -6.25 0 0 -5.7742 0 2.3918
2 24 0 0 8 3.0615 0 7.391
2 24 0 0 6.25 2.3918 0 5.7742
2 24 3.0615 0 7.391 5.6569 0 5.6569
2 24 2.3918 0 5.7742 4.4194 0 4.4194
2 24 5.6569 0 5.6569 7.391 0 3.0615
2 24 4.4194 0 4.4194 5.7742 0 2.3918
2 24 8 0 0 7.391 0 3.0615
2 24 6.25 0 0 5.7742 0 2.3918
2 24 -5.6569 0 5.6569 -7.391 0 3.0615
2 24 -4.4194 0 4.4194 -5.7742 0 2.3918
2 24 -5.6569 0 5.6569 -3.0615 0 7.391
2 24 -4.4194 0 4.4194 -2.3918 0 5.7742
2 24 0 0 8 -3.0615 0 7.391
2 24 0 0 6.25 -2.3918 0 5.7742
2 24 -8 0 0 -7.391 0 3.0615
2 24 -6.25 0 0 -5.7742 0 2.3918
2 24 5.6569 -5 5.6569 7.391 -5 3.0615
2 24 7.0711 -5 7.0711 7.6282 -5 6.2364
2 24 43.2279 -1.2765 6.3697 46.2719 0.2791 4.6477
2 24 43.2279 -1.2765 6.3697 39.4229 -2.5906 7.6718
2 24 39.4229 -2.5906 7.6718 34.1942 -3.7873 8.716
2 24 34.1942 -3.7873 8.716 28.4917 -4.5016 9.5644
2 24 28.4917 -4.5016 9.5644 22.3332 -4.9678 9.7202
2 24 22.3332 -4.9678 9.7202 16.1951 -4.986 8.8237
2 24 16.1951 -4.986 8.8237 10.8241 -4.999 7.5045
2 24 48.9168 2.1421 0 48.3641 1.6919 2.2077
2 24 46.2719 0.2791 4.6477 48.3641 1.6919 2.2077
2 24 34.6383 -6.4671 8.9545 28.9059 -7.1995 9.6225
2 24 34.1942 -3.7873 8.716 28.4917 -4.5016 9.5644
2 24 49.7498 -0.1351 0 49.2792 -0.5419 2.0502
2 24 48.9168 2.1421 0 48.3641 1.6919 2.2077
2 24 10.8241 -7.9894 7.5045 16.1818 -7.9152 8.8787
2 24 10.8241 -4.999 7.5045 16.1951 -4.986 8.8237
2 24 16.1951 -4.986 8.8237 22.3332 -4.9678 9.7202
2 24 16.1818 -7.9152 8.8787 22.4827 -7.6999 9.7291
2 24 28.4917 -4.5016 9.5644 22.3332 -4.9678 9.7202
2 24 28.9059 -7.1995 9.6225 22.4827 -7.6999 9.7291
2 24 44.3599 -3.6173 6.3318 47.3727 -1.9366 4.4903
2 24 43.2279 -1.2765 6.3697 46.2719 0.2791 4.6477
2 24 49.2792 -0.5419 2.0502 47.3727 -1.9366 4.4903
2 24 48.3641 1.6919 2.2077 46.2719 0.2791 4.6477
2 24 34.6383 -6.4671 8.9545 40.2212 -5.1255 7.724
2 24 34.1942 -3.7873 8.716 39.4229 -2.5906 7.6718
2 24 43.2279 -1.2765 6.3697 39.4229 -2.5906 7.6718
2 24 44.3599 -3.6173 6.3318 40.2212 -5.1255 7.724
2 24 28.0802 -7.4089 1.2938 33.0686 -6.5388 1.2411
2 24 28.9059 -7.1995 9.6225 34.6383 -6.4671 8.9545
2 24 17.8058 -7.9884 1.1078 13.5557 -7.9898 0.8665
2 24 16.1818 -7.9152 8.8787 10.8241 -7.9894 7.5045
2 24 17.8058 -7.9884 1.1078 22.4827 -7.9313 1.2939
2 24 16.1818 -7.9152 8.8787 22.4827 -7.6999 9.7291
2 24 28.0802 -7.4089 1.2938 22.4827 -7.9313 1.2939
2 24 28.9059 -7.1995 9.6225 22.4827 -7.6999 9.7291
2 24 43.3495 -3.2858 0.85 45.4906 -2.333 0.4446
2 24 47.3727 -1.9366 4.4903 49.2792 -0.5419 2.0502
2 24 33.0686 -6.5388 1.2411 37.6917 -5.3199 1.1594
2 24 34.6383 -6.4671 8.9545 40.2212 -5.1255 7.724
2 24 37.6917 -5.3199 1.1594 41.1078 -4.1825 1.0354
2 24 40.2212 -5.1255 7.724 44.3599 -3.6173 6.3318
2 24 43.3495 -3.2858 0.85 41.1078 -4.1825 1.0354
2 24 47.3727 -1.9366 4.4903 44.3599 -3.6173 6.3318
2 24 5.7759 -8 2.3925 6.2518 -8 0
2 24 41.1078 -4.1825 1.0354 43.3495 -3.2858 0.85
2 24 41.1078 -4.1825 1.0354 37.6917 -5.3199 1.1594
2 24 37.6917 -5.3199 1.1594 33.0686 -6.5388 1.2411
2 24 33.0686 -6.5388 1.2411 28.0802 -7.4089 1.2938
2 24 28.0802 -7.4089 1.2938 22.4827 -7.9313 1.2939
2 24 22.4827 -7.9313 1.2939 17.8058 -7.9884 1.1078
2 24 17.8058 -7.9884 1.1078 13.5557 -7.9898 0.8665
2 24 13.5557 -7.9898 0.8665 10.2092 -7.99 0.38
2 24 10.8241 -4.999 7.5045 7.6282 -5 6.2364
2 24 7.6282 -5 6.2364 7.6282 -8 6.2364
2 24 10.8241 -7.9894 7.5045 7.6282 -8 6.2364
2 24 4.4207 -8 4.4207 5.7759 -8 2.3925
2 24 7.0711 -8 7.0711 7.6282 -8 6.2364
2 24 7.6282 -8 6.2364 7.6282 -5 6.2364
2 24 7.0711 -8 7.0711 7.6282 -8 6.2364
2 24 7.0711 -5 7.0711 7.6282 -5 6.2364
2 24 7.391 -5 3.0615 8 -5 0
2 24 46.1848 -2.0025 0 45.4906 -2.333 0.4446
2 24 49.7498 -0.1351 0 49.2792 -0.5419 2.0502
2 24 43.3495 -3.2858 0.85 45.4906 -2.333 0.4446
2 24 46.1848 -2.0025 0 45.4906 -2.333 0.4446
2 24 7.6282 -5 6.2364 10.8241 -4.999 7.5045
2 24 7.391 -5 -3.0615 8 -5 0
2 24 5.7759 -8 -2.3925 6.2518 -8 0
2 24 10.8241 -7.9894 7.5045 7.6282 -8 6.2364
2 24 13.5557 -7.9898 0.8665 10.2092 -7.99 0.38
0 STEP
