0 FILE bl_80674.dat
0 BUTTERFLY, NO. 1
0 Name:  bl_80674.dat
0 Author:  
0 BFC CERTIFY CCW
3 16 1.737 -8.846 -9.336 2.103 -8.716 -8.318 3.946 -8.403 -12.166 0.259204 0.494980 0.253880 0.509378 0.227294 0.455323
3 16 10.465 -8.516 -7.401 3.946 -8.403 -12.166 4.063 -8.430 -7.506 0.135622 0.522910 0.227294 0.455323 0.226071 0.520964
3 16 3.946 -8.403 -12.166 2.103 -8.716 -8.318 4.063 -8.430 -7.506 0.227294 0.455323 0.253880 0.509378 0.226071 0.520964
3 16 10.465 -8.516 -7.401 11.042 -8.587 -1.839 13.229 -9.011 -2.249 0.135622 0.522910 0.127770 0.601302 0.096388 0.595687
3 16 11.042 -8.587 -1.839 13.166 -8.993 -1.719 13.229 -9.011 -2.249 0.127770 0.601302 0.097342 0.603145 0.096388 0.595687
3 16 13.608 -9.110 -1.304 13.166 -8.993 -1.719 11.575 -8.722 1.879 0.090950 0.609028 0.097342 0.603145 0.120336 0.653720
3 16 13.166 -8.993 -1.719 11.042 -8.587 -1.839 11.575 -8.722 1.879 0.097342 0.603145 0.127770 0.601302 0.120336 0.653720
3 16 10.504 -8.545 13.124 14.025 -9.322 14.178 13.813 -9.417 8.459 0.136694 0.812027 0.085983 0.827193 0.087953 0.746595
3 16 13.813 -9.417 8.459 7.527 -8.264 11.761 10.504 -8.545 13.124 0.087953 0.746595 0.178674 0.792542 0.136694 0.812027
3 16 13.813 -9.417 8.459 11.575 -8.722 1.879 7.527 -8.264 11.761 0.087953 0.746595 0.120336 0.653720 0.178674 0.792542
3 16 4.063 -8.195 6.567 4.444 -8.387 9.850 5.745 -8.195 5.276 0.226967 0.718904 0.221903 0.765411 0.203141 0.701058
3 16 4.444 -8.387 9.850 7.527 -8.264 11.761 5.745 -8.195 5.276 0.221903 0.765411 0.178674 0.792542 0.203141 0.701058
3 16 13.813 -9.417 8.459 19.263 -11.512 10.095 18.719 -11.158 7.055 0.087953 0.746595 0.005462 0.770237 0.014273 0.727368
3 16 13.813 -9.417 8.459 18.719 -11.158 7.055 18.087 -10.780 4.404 0.087953 0.746595 0.014273 0.727368 0.024240 0.689947
3 16 11.575 -8.722 1.879 13.813 -9.417 8.459 17.319 -10.409 1.840 0.120336 0.653720 0.087953 0.746595 0.035929 0.653734
3 16 13.813 -9.417 8.459 18.087 -10.780 4.404 17.319 -10.409 1.840 0.087953 0.746595 0.024240 0.689947 0.035929 0.653734
3 16 11.575 -8.722 1.879 17.319 -10.409 1.840 15.809 -9.846 -0.276 0.120336 0.653720 0.035929 0.653734 0.058425 0.623789
3 16 19.233 -11.477 12.171 19.263 -11.512 10.095 13.813 -9.417 8.459 0.006275 0.799466 0.005462 0.770237 0.087953 0.746595
3 16 14.025 -9.322 14.178 17.281 -10.463 14.299 13.813 -9.417 8.459 0.085983 0.827193 0.037413 0.829249 0.087953 0.746595
3 16 18.670 -11.172 13.489 13.813 -9.417 8.459 17.281 -10.463 14.299 0.015417 0.817954 0.087953 0.746595 0.037413 0.829249
3 16 13.813 -9.417 8.459 18.670 -11.172 13.489 19.233 -11.477 12.171 0.087953 0.746595 0.015417 0.817954 0.006275 0.799466
3 16 15.809 -9.846 -0.276 13.608 -9.110 -1.304 11.575 -8.722 1.879 0.058425 0.623789 0.090950 0.609028 0.120336 0.653720
3 16 16.064 -10.013 -10.538 13.780 -9.201 -13.255 10.465 -8.516 -7.401 0.053626 0.479115 0.087556 0.440709 0.135622 0.522910
3 16 16.272 -10.077 -7.422 16.064 -10.013 -10.538 10.465 -8.516 -7.401 0.050766 0.522985 0.053626 0.479115 0.135622 0.522910
3 16 14.992 -9.479 -4.285 16.272 -10.077 -7.422 10.465 -8.516 -7.401 0.070584 0.567157 0.050766 0.522985 0.135622 0.522910
3 16 10.465 -8.516 -7.401 13.780 -9.201 -13.255 10.222 -8.442 -14.299 0.135622 0.522910 0.087556 0.440709 0.138686 0.425750
3 16 10.222 -8.442 -14.299 6.570 -8.240 -13.645 10.465 -8.516 -7.401 0.138686 0.425750 0.190201 0.434719 0.135622 0.522910
3 16 13.229 -9.011 -2.249 14.992 -9.479 -4.285 10.465 -8.516 -7.401 0.096388 0.595687 0.070584 0.567157 0.135622 0.522910
3 16 4.063 -8.430 -7.506 5.745 -8.195 -6.215 10.465 -8.516 -7.401 0.226071 0.520964 0.202320 0.539336 0.135622 0.522910
3 16 1.845 -12.296 7.166 9.686 -12.542 3.025 2.168 -12.280 7.733 0.257081 0.112541 0.145881 0.170226 0.252566 0.104529
3 16 9.686 -12.542 3.025 2.560 -12.268 8.266 2.168 -12.280 7.733 0.145881 0.170226 0.247084 0.096997 0.252566 0.104529
3 16 0.000 -11.548 -9.530 1.268 -11.596 -9.236 0.000 -12.141 -8.186 0.294637 0.339169 0.276617 0.335824 0.295336 0.317341
3 16 1.268 -11.596 -9.236 0.947 -12.057 -8.035 0.000 -12.141 -8.186 0.276617 0.335824 0.282025 0.317035 0.295336 0.317341
3 16 0.000 -11.548 -9.530 0.000 -10.557 -9.930 1.268 -11.596 -9.236 0.294637 0.339169 0.294456 0.353133 0.276617 0.335824
3 16 0.000 -10.557 -9.930 1.321 -10.643 -9.570 1.268 -11.596 -9.236 0.294456 0.353133 0.275774 0.351384 0.276617 0.335824
3 16 0.000 -9.504 -9.519 1.145 -9.569 -9.307 0.000 -10.557 -9.930 0.295075 0.369074 0.278644 0.368568 0.294456 0.353133
3 16 1.145 -9.569 -9.307 1.321 -10.643 -9.570 0.000 -10.557 -9.930 0.278644 0.368568 0.275774 0.351384 0.294456 0.353133
3 16 0.000 -8.879 -8.589 0.854 -9.146 -8.511 0.000 -9.504 -9.519 0.295248 0.383591 0.282854 0.381504 0.295075 0.369074
3 16 0.854 -9.146 -8.511 1.145 -9.569 -9.307 0.000 -9.504 -9.519 0.282854 0.381504 0.278644 0.368568 0.295075 0.369074
3 16 0.000 -12.480 -6.199 0.000 -12.141 -8.186 1.110 -12.373 -6.111 0.295768 0.290480 0.295336 0.317341 0.280491 0.289605
3 16 0.000 -12.141 -8.186 0.947 -12.057 -8.035 1.110 -12.373 -6.111 0.295336 0.317341 0.282025 0.317035 0.280491 0.289605
3 16 1.281 -12.389 -4.238 0.000 -12.751 -4.222 1.110 -12.373 -6.111 0.277432 0.263911 0.295882 0.263278 0.280491 0.289605
3 16 0.000 -12.751 -4.222 0.000 -12.480 -6.199 1.110 -12.373 -6.111 0.295882 0.263278 0.295768 0.290480 0.280491 0.289605
3 16 0.000 -13.204 2.087 0.000 -13.138 -0.172 2.007 -12.363 2.123 0.297456 0.176864 0.297169 0.207682 0.266014 0.175887
3 16 0.000 -13.138 -0.172 1.951 -12.350 -0.044 2.007 -12.363 2.123 0.297169 0.207682 0.266738 0.206060 0.266014 0.175887
3 16 0.000 -13.120 4.260 0.000 -13.204 2.087 1.847 -12.401 4.205 0.296971 0.147316 0.297456 0.176864 0.268773 0.146852
3 16 0.000 -13.204 2.087 2.007 -12.363 2.123 1.847 -12.401 4.205 0.297456 0.176864 0.266014 0.175887 0.268773 0.146852
3 16 0.000 -12.894 6.032 0.000 -13.120 4.260 1.561 -12.332 6.525 0.297905 0.123356 0.296971 0.147316 0.273827 0.114303
3 16 0.000 -13.120 4.260 1.847 -12.401 4.205 1.561 -12.332 6.525 0.296971 0.147316 0.268773 0.146852 0.273827 0.114303
3 16 0.000 -13.138 -0.172 0.000 -12.979 -2.165 1.951 -12.350 -0.044 0.297169 0.207682 0.296902 0.235010 0.266738 0.206060
3 16 0.000 -12.979 -2.165 1.675 -12.381 -2.079 1.951 -12.350 -0.044 0.296902 0.235010 0.271068 0.234249 0.266738 0.206060
3 16 1.145 -9.569 -9.307 1.737 -8.846 -9.336 1.321 -10.643 -9.570 0.752691 0.493002 0.763621 0.501341 0.737627 0.496706
3 16 1.737 -8.846 -9.336 1.785 -10.536 -9.895 1.321 -10.643 -9.570 0.763621 0.501341 0.738632 0.504770 0.737627 0.496706
3 16 1.321 -10.643 -9.570 1.785 -10.536 -9.895 1.268 -11.596 -9.236 0.737627 0.496706 0.738632 0.504770 0.724480 0.491960
3 16 1.785 -10.536 -9.895 2.204 -12.285 -10.351 1.268 -11.596 -9.236 0.738632 0.504770 0.713121 0.511673 0.724480 0.491960
3 16 1.584 -12.331 -9.233 1.268 -11.596 -9.236 2.204 -12.285 -10.351 0.713464 0.493836 0.724480 0.491960 0.713121 0.511673
3 16 0.947 -12.057 -8.035 1.268 -11.596 -9.236 1.317 -12.362 -8.098 0.717756 0.474720 0.724480 0.491960 0.711528 0.477488
3 16 1.268 -11.596 -9.236 1.584 -12.331 -9.233 1.317 -12.362 -8.098 0.724480 0.491960 0.713464 0.493836 0.711528 0.477488
3 16 0.947 -12.057 -8.035 1.317 -12.362 -8.098 1.110 -12.373 -6.111 0.717756 0.474720 0.711528 0.477488 0.706595 0.449660
3 16 1.675 -12.381 -2.079 1.281 -12.389 -4.238 9.477 -12.556 -7.479 0.258794 0.242751 0.264177 0.273194 0.147995 0.318182
3 16 8.036 -12.321 -1.266 1.951 -12.350 -0.044 9.477 -12.556 -7.479 0.169088 0.230825 0.255046 0.214073 0.147995 0.318182
3 16 1.951 -12.350 -0.044 1.675 -12.381 -2.079 9.477 -12.556 -7.479 0.255046 0.214073 0.258794 0.242751 0.147995 0.318182
3 16 1.951 -12.350 -0.044 8.036 -12.321 -1.266 2.007 -12.363 2.123 0.255046 0.214073 0.169088 0.230825 0.254440 0.183569
3 16 8.036 -12.321 -1.266 9.686 -12.542 3.025 2.007 -12.363 2.123 0.169088 0.230825 0.145881 0.170226 0.254440 0.183569
3 16 9.477 -12.556 -7.479 3.946 -12.256 -12.166 6.570 -12.214 -13.645 0.147995 0.318182 0.225996 0.384667 0.188895 0.405277
3 16 8.036 -12.321 -1.266 9.477 -12.556 -7.479 13.166 -13.051 -1.719 0.169088 0.230825 0.147995 0.318182 0.095960 0.236812
3 16 9.477 -12.556 -7.479 13.229 -13.070 -2.249 13.166 -13.051 -1.719 0.147995 0.318182 0.094997 0.244272 0.095960 0.236812
3 16 9.686 -12.542 3.025 8.036 -12.321 -1.266 13.608 -13.168 -1.304 0.145881 0.170226 0.169088 0.230825 0.089565 0.230928
3 16 8.036 -12.321 -1.266 13.166 -13.051 -1.719 13.608 -13.168 -1.304 0.169088 0.230825 0.095960 0.236812 0.089565 0.230928
3 16 13.317 -13.128 8.440 14.025 -13.380 14.178 10.504 -12.604 13.124 0.094488 0.093692 0.084433 0.012804 0.135237 0.027903
3 16 13.317 -13.128 8.440 10.504 -12.604 13.124 7.527 -12.322 11.761 0.094488 0.093692 0.135237 0.027903 0.177339 0.047320
3 16 9.686 -12.542 3.025 13.317 -13.128 8.440 4.444 -12.182 9.850 0.145881 0.170226 0.094488 0.093692 0.220652 0.074534
3 16 13.317 -13.128 8.440 7.527 -12.322 11.761 4.444 -12.182 9.850 0.094488 0.093692 0.177339 0.047320 0.220652 0.074534
3 16 2.168 -12.280 7.733 2.560 -12.268 8.266 2.400 -11.534 8.218 0.694009 0.346046 0.690978 0.354689 0.681554 0.349523
3 16 13.317 -13.128 8.440 18.719 -15.217 7.055 19.263 -15.571 10.095 0.094488 0.093692 0.012677 0.112742 0.003891 0.069823
3 16 13.317 -13.128 8.440 18.087 -14.839 4.404 18.719 -15.217 7.055 0.094488 0.093692 0.022713 0.150148 0.012677 0.112742
3 16 13.317 -13.128 8.440 9.686 -12.542 3.025 18.087 -14.839 4.404 0.094488 0.093692 0.145881 0.170226 0.022713 0.150148
3 16 9.686 -12.542 3.025 17.319 -14.468 1.840 18.087 -14.839 4.404 0.145881 0.170226 0.034475 0.186327 0.022713 0.150148
3 16 9.686 -12.542 3.025 15.809 -13.904 -0.276 17.319 -14.468 1.840 0.145881 0.170226 0.056998 0.216243 0.034475 0.186327
3 16 13.317 -13.128 8.440 19.263 -15.571 10.095 19.233 -15.535 12.171 0.094488 0.093692 0.003891 0.069823 0.004693 0.040548
3 16 13.317 -13.128 8.440 17.281 -14.522 14.299 14.025 -13.380 14.178 0.094488 0.093692 0.035846 0.010730 0.084433 0.012804
3 16 13.317 -13.128 8.440 18.670 -15.230 13.489 17.281 -14.522 14.299 0.094488 0.093692 0.013841 0.022040 0.035846 0.010730
3 16 13.317 -13.128 8.440 19.233 -15.535 12.171 18.670 -15.230 13.489 0.094488 0.093692 0.004693 0.040548 0.013841 0.022040
3 16 2.007 -12.363 2.123 9.686 -12.542 3.025 1.847 -12.401 4.205 0.254440 0.183569 0.145881 0.170226 0.256893 0.154265
3 16 1.561 -12.332 6.525 1.847 -12.401 4.205 9.686 -12.542 3.025 0.261053 0.121601 0.256893 0.154265 0.145881 0.170226
3 16 9.686 -12.542 3.025 13.608 -13.168 -1.304 15.809 -13.904 -0.276 0.145881 0.170226 0.089565 0.230928 0.056998 0.216243
3 16 9.477 -12.556 -7.479 13.780 -13.259 -13.255 16.064 -14.071 -10.538 0.147995 0.318182 0.086016 0.399251 0.052049 0.360820
3 16 9.477 -12.556 -7.479 16.064 -14.071 -10.538 16.272 -14.135 -7.422 0.147995 0.318182 0.052049 0.360820 0.049230 0.316924
3 16 9.477 -12.556 -7.479 16.272 -14.135 -7.422 14.992 -13.538 -4.285 0.147995 0.318182 0.049230 0.316924 0.069158 0.272788
3 16 9.477 -12.556 -7.479 10.222 -12.501 -14.299 13.780 -13.259 -13.255 0.147995 0.318182 0.137217 0.414219 0.086016 0.399251
3 16 9.477 -12.556 -7.479 6.570 -12.214 -13.645 10.222 -12.501 -14.299 0.147995 0.318182 0.188895 0.405277 0.137217 0.414219
3 16 9.477 -12.556 -7.479 14.992 -13.538 -4.285 13.229 -13.070 -2.249 0.147995 0.318182 0.069158 0.272788 0.094997 0.244272
3 16 9.477 -12.556 -7.479 1.584 -12.331 -9.233 3.946 -12.256 -12.166 0.147995 0.318182 0.259506 0.343505 0.225996 0.384667
3 16 1.584 -12.331 -9.233 2.204 -12.285 -10.351 3.946 -12.256 -12.166 0.259506 0.343505 0.250665 0.359211 0.225996 0.384667
3 16 1.317 -12.362 -8.098 9.477 -12.556 -7.479 1.110 -12.373 -6.111 0.263368 0.327536 0.147995 0.318182 0.266424 0.299571
3 16 2.335 -10.101 8.228 2.400 -11.534 8.218 2.698 -10.104 8.526 0.661458 0.344875 0.681554 0.349523 0.660466 0.351502
3 16 2.400 -11.534 8.218 2.560 -12.268 8.266 2.698 -10.104 8.526 0.681554 0.349523 0.690978 0.354689 0.660466 0.351502
3 16 1.785 -10.536 -9.895 3.946 -12.256 -12.166 2.204 -12.285 -10.351 0.738632 0.504770 0.710701 0.546907 0.713121 0.511673
3 16 1.785 -10.536 -9.895 3.946 -8.403 -12.166 3.946 -12.256 -12.166 0.738632 0.504770 0.764612 0.551681 0.710701 0.546907
3 16 18.670 -11.172 13.489 17.281 -10.463 14.299 18.670 -15.230 13.489 0.628964 0.599181 0.624033 0.575067 0.684779 0.611980
3 16 17.281 -10.463 14.299 17.281 -14.522 14.299 18.670 -15.230 13.489 0.624033 0.575067 0.680122 0.587387 0.684779 0.611980
3 16 19.233 -11.477 12.171 18.670 -11.172 13.489 19.233 -15.535 12.171 0.628616 0.619706 0.628964 0.599181 0.684385 0.632787
3 16 18.670 -11.172 13.489 18.670 -15.230 13.489 19.233 -15.535 12.171 0.628964 0.599181 0.684779 0.611980 0.684385 0.632787
3 16 18.087 -10.780 4.404 18.719 -11.158 7.055 18.087 -14.839 4.404 0.591798 0.723968 0.606881 0.688582 0.647178 0.739002
3 16 18.719 -11.158 7.055 18.719 -15.217 7.055 18.087 -14.839 4.404 0.606881 0.688582 0.662400 0.702994 0.647178 0.739002
3 16 17.319 -10.409 1.840 18.087 -10.780 4.404 17.319 -14.468 1.840 0.576581 0.758658 0.591798 0.723968 0.631838 0.774139
3 16 18.087 -10.780 4.404 18.087 -14.839 4.404 17.319 -14.468 1.840 0.591798 0.723968 0.647178 0.739002 0.631838 0.774139
3 16 13.608 -9.110 -1.304 15.809 -9.846 -0.276 13.608 -13.168 -1.304 0.539267 0.821540 0.558795 0.791561 0.594377 0.837372
3 16 15.809 -9.846 -0.276 15.809 -13.904 -0.276 13.608 -13.168 -1.304 0.558795 0.791561 0.613972 0.807310 0.594377 0.837372
3 16 13.166 -8.993 -1.719 13.608 -9.110 -1.304 13.166 -13.051 -1.719 0.535304 0.829297 0.539267 0.821540 0.590422 0.845137
3 16 13.608 -9.110 -1.304 13.608 -13.168 -1.304 13.166 -13.051 -1.719 0.539267 0.821540 0.594377 0.837372 0.590422 0.845137
3 16 13.229 -9.011 -2.249 13.166 -8.993 -1.719 13.229 -13.070 -2.249 0.726640 0.876094 0.726237 0.883600 0.669757 0.871045
3 16 13.166 -8.993 -1.719 13.166 -13.051 -1.719 13.229 -13.070 -2.249 0.726237 0.883600 0.669352 0.878552 0.669757 0.871045
3 16 3.946 -8.403 -12.166 1.785 -10.536 -9.895 1.737 -8.846 -9.336 0.764612 0.551681 0.738632 0.504770 0.763621 0.501341
3 16 1.317 -12.362 -8.098 1.584 -12.331 -9.233 9.477 -12.556 -7.479 0.263368 0.327536 0.259506 0.343505 0.147995 0.318182
3 16 1.281 -12.389 -4.238 1.110 -12.373 -6.111 9.477 -12.556 -7.479 0.264177 0.273194 0.266424 0.299571 0.147995 0.318182
3 16 0.906 -12.182 7.834 1.454 -11.981 7.569 0.976 -11.594 8.492 0.283197 0.097522 0.274472 0.098378 0.281777 0.086261
3 16 1.454 -11.981 7.569 1.690 -11.344 8.086 0.976 -11.594 8.492 0.274472 0.098378 0.270811 0.085027 0.281777 0.086261
3 16 0.000 -9.625 8.886 0.987 -9.644 8.597 0.000 -8.816 7.999 0.297121 0.059431 0.281416 0.057886 0.297567 0.041303
3 16 0.987 -9.644 8.597 1.006 -9.024 7.842 0.000 -8.816 7.999 0.281416 0.057886 0.282959 0.043245 0.297567 0.041303
3 16 1.420 -9.000 7.482 1.006 -9.024 7.842 1.643 -10.145 8.216 0.275406 0.041949 0.282959 0.043245 0.270736 0.063590
3 16 1.006 -9.024 7.842 0.987 -9.644 8.597 1.643 -10.145 8.216 0.282959 0.043245 0.281416 0.057886 0.270736 0.063590
3 16 0.987 -9.644 8.597 1.021 -10.642 8.837 1.643 -10.145 8.216 0.281416 0.057886 0.280605 0.072005 0.270736 0.063590
3 16 0.000 -10.700 9.106 1.021 -10.642 8.837 0.000 -9.625 8.886 0.296884 0.071775 0.280605 0.072005 0.297121 0.059431
3 16 1.021 -10.642 8.837 0.987 -9.644 8.597 0.000 -9.625 8.886 0.280605 0.072005 0.281416 0.057886 0.297121 0.059431
3 16 0.976 -11.594 8.492 1.021 -10.642 8.837 0.000 -11.778 8.654 0.281777 0.086261 0.280605 0.072005 0.298657 0.087648
3 16 1.021 -10.642 8.837 0.000 -10.700 9.106 0.000 -11.778 8.654 0.280605 0.072005 0.296884 0.071775 0.298657 0.087648
3 16 0.906 -12.182 7.834 0.976 -11.594 8.492 0.000 -12.400 7.858 0.283197 0.097522 0.281777 0.086261 0.298502 0.099143
3 16 0.976 -11.594 8.492 0.000 -11.778 8.654 0.000 -12.400 7.858 0.281777 0.086261 0.298657 0.087648 0.298502 0.099143
3 16 1.845 -12.296 7.166 2.168 -12.280 7.733 1.724 -12.124 7.311 0.699098 0.338600 0.694009 0.346046 0.695710 0.337407
3 16 2.168 -12.280 7.733 1.865 -11.933 7.676 1.724 -12.124 7.311 0.694009 0.346046 0.690344 0.340631 0.695710 0.337407
3 16 0.000 -12.673 7.013 0.000 -12.894 6.032 0.847 -12.486 7.004 0.297235 0.110582 0.297905 0.123356 0.283997 0.109042
3 16 0.000 -12.894 6.032 1.561 -12.332 6.525 0.847 -12.486 7.004 0.297905 0.123356 0.273827 0.114303 0.283997 0.109042
3 16 0.847 -12.486 7.004 0.906 -12.182 7.834 0.000 -12.673 7.013 0.283997 0.109042 0.283197 0.097522 0.297235 0.110582
3 16 0.906 -12.182 7.834 0.000 -12.400 7.858 0.000 -12.673 7.013 0.283197 0.097522 0.298502 0.099143 0.297235 0.110582
3 16 1.454 -11.981 7.569 0.906 -12.182 7.834 1.386 -12.226 7.070 0.274472 0.098378 0.283197 0.097522 0.275868 0.106460
3 16 0.906 -12.182 7.834 0.847 -12.486 7.004 1.386 -12.226 7.070 0.283197 0.097522 0.283997 0.109042 0.275868 0.106460
3 16 2.053 -11.362 8.046 1.865 -11.933 7.676 2.400 -11.534 8.218 0.680457 0.343759 0.690344 0.340631 0.681554 0.349523
3 16 1.865 -11.933 7.676 2.168 -12.280 7.733 2.400 -11.534 8.218 0.690344 0.340631 0.694009 0.346046 0.681554 0.349523
3 16 1.386 -12.226 7.070 0.847 -12.486 7.004 1.561 -12.332 6.525 0.275868 0.106460 0.283997 0.109042 0.273827 0.114303
3 16 1.690 -11.344 8.086 1.643 -10.145 8.216 0.976 -11.594 8.492 0.270811 0.085027 0.270736 0.063590 0.281777 0.086261
3 16 1.643 -10.145 8.216 1.021 -10.642 8.837 0.976 -11.594 8.492 0.270736 0.063590 0.280605 0.072005 0.281777 0.086261
3 16 1.977 -10.145 8.120 2.053 -11.362 8.046 2.335 -10.101 8.228 0.663047 0.339864 0.680457 0.343759 0.661458 0.344875
3 16 2.053 -11.362 8.046 2.400 -11.534 8.218 2.335 -10.101 8.228 0.680457 0.343759 0.681554 0.349523 0.661458 0.344875
3 16 1.724 -12.124 7.311 1.386 -12.226 7.070 1.845 -12.296 7.166 0.695710 0.337407 0.698312 0.331942 0.699098 0.338600
3 16 1.386 -12.226 7.070 1.561 -12.332 6.525 1.845 -12.296 7.166 0.698312 0.331942 0.706494 0.332172 0.699098 0.338600
3 16 5.745 -8.195 -6.215 7.036 -8.195 -4.532 10.465 -8.516 -7.401 0.202320 0.539336 0.184270 0.563100 0.135622 0.522910
3 16 2.533 -8.460 7.222 4.444 -8.387 9.850 4.063 -8.195 6.567 0.248760 0.728124 0.221903 0.765411 0.226967 0.718904
3 16 1.019 -8.773 7.533 1.420 -9.000 7.482 1.909 -8.796 7.412 0.789909 0.353336 0.786711 0.347631 0.789603 0.340688
3 16 1.420 -9.000 7.482 1.682 -8.942 7.437 1.909 -8.796 7.412 0.786711 0.347631 0.787537 0.343895 0.789603 0.340688
3 16 1.909 -8.796 7.412 4.444 -8.387 9.850 2.533 -8.460 7.222 0.258451 0.731519 0.221903 0.765411 0.248760 0.728124
3 16 1.909 -8.796 7.412 2.698 -10.104 8.526 4.444 -8.387 9.850 0.643054 0.331158 0.660466 0.351502 0.630913 0.378835
3 16 2.698 -10.104 8.526 4.444 -12.182 9.850 4.444 -8.387 9.850 0.660466 0.351502 0.683580 0.387840 0.630913 0.378835
3 16 2.698 -10.104 8.526 2.560 -12.268 8.266 4.444 -12.182 9.850 0.660466 0.351502 0.690978 0.354689 0.683580 0.387840
3 16 2.560 -12.268 8.266 9.686 -12.542 3.025 4.444 -12.182 9.850 0.247084 0.096997 0.145881 0.170226 0.220652 0.074534
3 16 9.686 -12.542 3.025 1.845 -12.296 7.166 1.561 -12.332 6.525 0.145881 0.170226 0.257081 0.112541 0.261053 0.121601
3 16 1.173 -9.047 -8.496 1.737 -8.846 -9.336 0.854 -9.146 -8.511 0.764731 0.486896 0.763621 0.501341 0.761711 0.483285
3 16 1.737 -8.846 -9.336 1.145 -9.569 -9.307 0.854 -9.146 -8.511 0.763621 0.501341 0.752691 0.493002 0.761711 0.483285
3 16 1.737 -8.846 -9.336 1.428 -8.824 -8.475 2.103 -8.716 -8.318 0.259204 0.494980 0.263489 0.507114 0.253880 0.509378
3 16 1.173 -9.047 -8.496 1.428 -8.824 -8.475 1.737 -8.846 -9.336 0.764731 0.486896 0.768658 0.489644 0.763621 0.501341
3 16 7.848 -8.195 1.634 7.036 -8.195 3.593 11.575 -8.722 1.879 0.173332 0.649944 0.184854 0.677474 0.120336 0.653720
3 16 11.042 -8.587 -1.839 8.125 -8.195 -0.469 11.575 -8.722 1.879 0.127770 0.601302 0.169303 0.620370 0.120336 0.653720
3 16 8.125 -8.195 -0.469 7.848 -8.195 1.634 11.575 -8.722 1.879 0.169303 0.620370 0.173332 0.649944 0.120336 0.653720
3 16 10.465 -8.516 -7.401 7.848 -8.195 -2.572 11.042 -8.587 -1.839 0.135622 0.522910 0.173025 0.590752 0.127770 0.601302
3 16 7.848 -8.195 -2.572 8.125 -8.195 -0.469 11.042 -8.587 -1.839 0.173025 0.590752 0.169303 0.620370 0.127770 0.601302
3 16 7.036 -8.195 -4.532 7.848 -8.195 -2.572 10.465 -8.516 -7.401 0.184270 0.563100 0.173025 0.590752 0.135622 0.522910
3 16 0.000 -12.979 -2.165 0.000 -12.751 -4.222 1.675 -12.381 -2.079 0.296902 0.235010 0.295882 0.263278 0.271068 0.234249
3 16 0.000 -12.751 -4.222 1.281 -12.389 -4.238 1.675 -12.381 -2.079 0.295882 0.263278 0.277432 0.263911 0.271068 0.234249
3 16 1.428 -8.824 -8.475 0.000 -8.879 -8.589 0.000 0.000 -8.594 0.789497 0.029507 0.788823 0.009320 0.913867 0.009480
3 16 2.103 -8.716 -8.318 2.103 0.000 -8.318 4.063 -8.430 -7.506 0.791073 0.039248 0.913838 0.039355 0.795080 0.069108
3 16 2.103 0.000 -8.318 4.063 0.000 -7.506 4.063 -8.430 -7.506 0.913838 0.039355 0.913813 0.069229 0.795080 0.069108
3 16 1.386 -12.226 7.070 1.724 -12.124 7.311 1.454 -11.981 7.569 0.698312 0.331942 0.695710 0.337407 0.690924 0.334539
3 16 1.724 -12.124 7.311 1.865 -11.933 7.676 1.454 -11.981 7.569 0.695710 0.337407 0.690344 0.340631 0.690924 0.334539
3 16 1.690 -11.344 8.086 1.454 -11.981 7.569 2.053 -11.362 8.046 0.680261 0.338673 0.690924 0.334539 0.680457 0.343759
3 16 1.454 -11.981 7.569 1.865 -11.933 7.676 2.053 -11.362 8.046 0.690924 0.334539 0.690344 0.340631 0.680457 0.343759
3 16 1.643 -10.145 8.216 1.690 -11.344 8.086 1.977 -10.145 8.120 0.664613 0.335126 0.680261 0.338673 0.663047 0.339864
3 16 1.690 -11.344 8.086 2.053 -11.362 8.046 1.977 -10.145 8.120 0.680261 0.338673 0.680457 0.343759 0.663047 0.339864
3 16 4.063 0.000 6.567 3.059 0.000 5.037 2.103 0.000 7.379 0.920373 0.754602 0.906232 0.776158 0.892773 0.743169
3 16 3.059 0.000 5.037 0.000 0.000 5.927 2.103 0.000 7.379 0.906232 0.776158 0.863154 0.763613 0.892773 0.743169
3 16 0.000 0.000 7.656 2.103 0.000 7.379 0.000 0.000 5.927 0.863154 0.739270 0.892773 0.743169 0.863154 0.763613
3 16 7.036 0.000 -4.532 5.745 0.000 -6.215 5.484 0.000 -3.549 0.962260 0.910926 0.944074 0.934627 0.940401 0.897089
3 16 5.745 0.000 -6.215 3.080 0.000 -5.954 5.484 0.000 -3.549 0.944074 0.934627 0.906536 0.930954 0.940401 0.897089
3 16 4.063 0.000 6.567 5.745 0.000 5.276 3.059 0.000 5.037 0.920373 0.754602 0.944074 0.772788 0.906232 0.776158
3 16 3.059 -9.750 5.037 3.059 0.000 5.037 5.506 -9.750 2.589 0.051253 0.994823 0.051254 0.857500 0.100003 0.994822
3 16 3.059 0.000 5.037 5.506 0.000 2.589 5.506 -9.750 2.589 0.051254 0.857500 0.100005 0.857499 0.100003 0.994822
3 16 5.484 -9.750 -3.549 5.484 0.000 -3.549 3.080 -9.750 -5.954 0.190114 0.994824 0.190117 0.857501 0.238005 0.994826
3 16 5.484 0.000 -3.549 3.080 0.000 -5.954 3.080 -9.750 -5.954 0.190117 0.857501 0.238009 0.857504 0.238005 0.994826
3 16 5.506 -9.750 2.589 3.556 -9.750 1.506 3.059 -9.750 5.037 0.231815 0.544128 0.247071 0.571591 0.197344 0.578599
3 16 3.556 -9.750 1.506 1.975 -9.750 3.087 3.059 -9.750 5.037 0.247071 0.571591 0.224807 0.593855 0.197344 0.578599
3 16 3.080 -9.750 -5.954 1.989 -9.750 -4.012 5.484 -9.750 -3.549 0.352139 0.578296 0.324783 0.593659 0.318274 0.544431
3 16 1.989 -9.750 -4.012 3.542 -9.750 -2.459 5.484 -9.750 -3.549 0.324783 0.593659 0.302911 0.571787 0.318274 0.544431
3 16 0.000 -9.750 3.662 1.975 -9.750 3.087 0.000 -5.325 3.662 0.927076 0.364613 0.927077 0.335635 0.989398 0.364615
3 16 1.975 -9.750 3.087 1.975 -5.325 3.087 0.000 -5.325 3.662 0.927077 0.335635 0.989399 0.335637 0.989398 0.364615
3 16 3.556 -9.750 1.506 3.556 -5.325 1.506 1.975 -9.750 3.087 0.927078 0.304149 0.989400 0.304151 0.927077 0.335635
3 16 3.556 -5.325 1.506 1.975 -5.325 3.087 1.975 -9.750 3.087 0.989400 0.304151 0.989399 0.335637 0.927077 0.335635
3 16 4.131 -9.750 -0.469 4.131 -5.325 -0.469 3.556 -9.750 1.506 0.927079 0.275171 0.989401 0.275173 0.927078 0.304149
3 16 4.131 -5.325 -0.469 3.556 -5.325 1.506 3.556 -9.750 1.506 0.989401 0.275173 0.989400 0.304151 0.927078 0.304149
3 16 3.542 -9.750 -2.459 3.542 -5.325 -2.459 4.131 -9.750 -0.469 0.927080 0.245950 0.989402 0.245952 0.927079 0.275171
3 16 3.542 -5.325 -2.459 4.131 -5.325 -0.469 4.131 -9.750 -0.469 0.989402 0.245952 0.989401 0.275173 0.927079 0.275171
3 16 1.989 -9.750 -4.012 1.989 -5.325 -4.012 3.542 -9.750 -2.459 0.927081 0.215019 0.989403 0.215020 0.927080 0.245950
3 16 1.989 -5.325 -4.012 3.542 -5.325 -2.459 3.542 -9.750 -2.459 0.989403 0.215020 0.989402 0.245952 0.927080 0.245950
3 16 0.000 -9.750 -4.601 0.000 -5.325 -4.601 1.989 -9.750 -4.012 0.927082 0.185798 0.989404 0.185798 0.927081 0.215019
3 16 0.000 -5.325 -4.601 1.989 -5.325 -4.012 1.989 -9.750 -4.012 0.989404 0.185798 0.989403 0.215020 0.927081 0.215019
3 16 0.000 -5.325 3.662 1.975 -5.325 3.087 0.000 -5.325 1.498 0.806747 0.853038 0.814849 0.825217 0.837220 0.853039
3 16 1.975 -5.325 3.087 0.734 -5.325 1.377 0.000 -5.325 1.498 0.814849 0.825217 0.838925 0.842700 0.837220 0.853039
3 16 3.556 -5.325 1.506 1.847 -5.325 0.265 1.975 -5.325 3.087 0.837113 0.802953 0.854596 0.827030 0.814849 0.825217
3 16 1.847 -5.325 0.265 0.734 -5.325 1.377 1.975 -5.325 3.087 0.854596 0.827030 0.838925 0.842700 0.814849 0.825217
3 16 4.131 -5.325 -0.469 1.968 -5.325 -0.469 3.556 -5.325 1.506 0.864935 0.794851 0.864935 0.825324 0.837113 0.802953
3 16 1.968 -5.325 -0.469 1.847 -5.325 0.265 3.556 -5.325 1.506 0.864935 0.825324 0.854596 0.827030 0.837113 0.802953
3 16 3.542 -5.325 -2.459 1.831 -5.325 -1.219 4.131 -5.325 -0.469 0.892953 0.803149 0.875499 0.827255 0.864935 0.794851
3 16 1.831 -5.325 -1.219 1.968 -5.325 -0.469 4.131 -5.325 -0.469 0.875499 0.827255 0.864935 0.825324 0.864935 0.794851
3 16 1.989 -5.325 -4.012 0.750 -5.325 -2.300 3.542 -5.325 -2.459 0.914825 0.825021 0.890719 0.842475 0.892953 0.803149
3 16 0.750 -5.325 -2.300 1.831 -5.325 -1.219 3.542 -5.325 -2.459 0.890719 0.842475 0.875499 0.827255 0.892953 0.803149
3 16 0.000 -5.325 -4.601 0.000 -5.325 -2.437 1.989 -5.325 -4.012 0.923123 0.853040 0.892649 0.853039 0.914825 0.825021
3 16 0.000 -5.325 -2.437 0.750 -5.325 -2.300 1.989 -5.325 -4.012 0.892649 0.853039 0.890719 0.842475 0.914825 0.825021
3 16 0.000 -5.325 1.498 0.734 -5.325 1.377 0.000 -10.500 1.498 0.664563 0.907258 0.675041 0.907258 0.664562 0.980146
3 16 0.734 -5.325 1.377 0.734 -10.500 1.377 0.000 -10.500 1.498 0.675041 0.907258 0.675040 0.980146 0.664562 0.980146
3 16 1.847 -5.325 0.265 1.847 -10.500 0.265 0.734 -5.325 1.377 0.697203 0.907256 0.697202 0.980145 0.675041 0.907258
3 16 1.847 -10.500 0.265 0.734 -10.500 1.377 0.734 -5.325 1.377 0.697202 0.980145 0.675040 0.980146 0.675041 0.907258
3 16 1.968 -5.325 -0.469 1.968 -10.500 -0.469 1.847 -5.325 0.265 0.707681 0.907256 0.707680 0.980144 0.697203 0.907256
3 16 1.968 -10.500 -0.469 1.847 -10.500 0.265 1.847 -5.325 0.265 0.707680 0.980144 0.697202 0.980145 0.697203 0.907256
3 16 1.831 -5.325 -1.219 1.831 -10.500 -1.219 1.968 -5.325 -0.469 0.718420 0.907257 0.718419 0.980145 0.707681 0.907256
3 16 1.831 -10.500 -1.219 1.968 -10.500 -0.469 1.968 -5.325 -0.469 0.718419 0.980145 0.707680 0.980144 0.707681 0.907256
3 16 0.750 -5.325 -2.300 0.750 -10.500 -2.300 1.831 -5.325 -1.219 0.739945 0.907257 0.739944 0.980145 0.718420 0.907257
3 16 0.750 -10.500 -2.300 1.831 -10.500 -1.219 1.831 -5.325 -1.219 0.739944 0.980145 0.718419 0.980145 0.718420 0.907257
3 16 0.000 -5.325 -2.437 0.000 -10.500 -2.437 0.750 -5.325 -2.300 0.750684 0.907258 0.750683 0.980146 0.739945 0.907257
3 16 0.000 -10.500 -2.437 0.750 -10.500 -2.300 0.750 -5.325 -2.300 0.750683 0.980146 0.739944 0.980145 0.739945 0.907257
3 16 7.036 0.000 3.593 5.506 0.000 2.589 5.745 0.000 5.276 0.962260 0.796489 0.940704 0.810630 0.944074 0.772788
3 16 5.506 0.000 2.589 3.059 0.000 5.037 5.745 0.000 5.276 0.940704 0.810630 0.906232 0.776158 0.944074 0.772788
3 16 7.036 0.000 -4.532 5.484 0.000 -3.549 7.848 0.000 -2.572 0.962260 0.910926 0.940401 0.897089 0.973693 0.883326
3 16 5.484 0.000 -3.549 6.397 0.000 -0.469 7.848 0.000 -2.572 0.940401 0.897089 0.953249 0.853708 0.973693 0.883326
3 16 6.397 0.000 -0.469 8.125 0.000 -0.469 7.848 0.000 -2.572 0.953249 0.853708 0.977592 0.853708 0.973693 0.883326
3 16 4.063 0.000 -7.506 3.080 0.000 -5.954 5.745 0.000 -6.215 0.920373 0.952814 0.906536 0.930954 0.944074 0.934627
3 16 0.000 0.000 -8.594 2.103 0.000 -8.318 1.428 -8.824 -8.475 0.913867 0.009480 0.913838 0.039355 0.789497 0.029507
3 16 2.103 0.000 -8.318 2.103 -8.716 -8.318 1.428 -8.824 -8.475 0.913838 0.039355 0.791073 0.039248 0.789497 0.029507
3 16 2.103 0.000 7.379 2.533 -8.460 7.222 4.063 0.000 6.567 0.913496 0.338109 0.794343 0.331505 0.913539 0.308235
3 16 2.533 -8.460 7.222 4.063 -8.195 6.567 4.063 0.000 6.567 0.794343 0.331505 0.798119 0.308079 0.913539 0.308235
3 16 1.909 -8.796 7.412 2.103 0.000 7.379 1.019 -8.773 7.533 0.789603 0.340688 0.913496 0.338109 0.789909 0.353336
3 16 1.909 -8.796 7.412 2.533 -8.460 7.222 2.103 0.000 7.379 0.789603 0.340688 0.794343 0.331505 0.913496 0.338109
3 16 4.063 -8.430 -7.506 4.063 0.000 -7.506 5.745 -8.195 -6.215 0.795080 0.069108 0.913813 0.069229 0.798368 0.098983
3 16 4.063 0.000 -7.506 5.745 0.000 -6.215 5.745 -8.195 -6.215 0.913813 0.069229 0.913788 0.099104 0.798368 0.098983
3 16 5.745 -8.195 -6.215 5.745 0.000 -6.215 7.036 -8.195 -4.532 0.798368 0.098983 0.913788 0.099104 0.798342 0.128856
3 16 5.745 0.000 -6.215 7.036 0.000 -4.532 7.036 -8.195 -4.532 0.913788 0.099104 0.913762 0.128980 0.798342 0.128856
3 16 7.036 -8.195 -4.532 7.036 0.000 -4.532 7.848 -8.195 -2.572 0.798342 0.128856 0.913762 0.128980 0.798311 0.158727
3 16 7.036 0.000 -4.532 7.848 0.000 -2.572 7.848 -8.195 -2.572 0.913762 0.128980 0.913732 0.158857 0.798311 0.158727
3 16 7.848 -8.195 -2.572 7.848 0.000 -2.572 8.125 -8.195 -0.469 0.798311 0.158727 0.913732 0.158857 0.798278 0.188598
3 16 7.848 0.000 -2.572 8.125 0.000 -0.469 8.125 -8.195 -0.469 0.913732 0.158857 0.913699 0.188733 0.798278 0.188598
3 16 8.125 -8.195 -0.469 8.125 0.000 -0.469 7.848 -8.195 1.634 0.798278 0.188598 0.913699 0.188733 0.798242 0.218468
3 16 8.125 0.000 -0.469 7.848 0.000 1.634 7.848 -8.195 1.634 0.913699 0.188733 0.913662 0.218609 0.798242 0.218468
3 16 7.848 -8.195 1.634 7.848 0.000 1.634 7.036 -8.195 3.593 0.798242 0.218468 0.913662 0.218609 0.798202 0.248339
3 16 7.848 0.000 1.634 7.036 0.000 3.593 7.036 -8.195 3.593 0.913662 0.218609 0.913623 0.248485 0.798202 0.248339
3 16 7.036 -8.195 3.593 7.036 0.000 3.593 5.745 -8.195 5.276 0.798202 0.248339 0.913623 0.248485 0.798161 0.278209
3 16 7.036 0.000 3.593 5.745 0.000 5.276 5.745 -8.195 5.276 0.913623 0.248485 0.913581 0.278360 0.798161 0.278209
3 16 4.063 -8.195 6.567 5.745 -8.195 5.276 4.063 0.000 6.567 0.798119 0.308079 0.798161 0.278209 0.913539 0.308235
3 16 5.745 -8.195 5.276 5.745 0.000 5.276 4.063 0.000 6.567 0.798161 0.278209 0.913581 0.278360 0.913539 0.308235
3 16 0.000 -8.534 7.668 0.000 -8.816 7.999 1.019 -8.773 7.533 0.298311 0.036221 0.297567 0.041303 0.281637 0.039233
3 16 0.000 -8.816 7.999 1.006 -9.024 7.842 1.019 -8.773 7.533 0.297567 0.041303 0.282959 0.043245 0.281637 0.039233
3 16 1.019 -8.773 7.533 1.006 -9.024 7.842 1.420 -9.000 7.482 0.281637 0.039233 0.282959 0.043245 0.275406 0.041949
3 16 1.420 -9.000 7.482 1.643 -10.145 8.216 1.682 -8.942 7.437 0.648249 0.325694 0.664613 0.335126 0.646041 0.328814
3 16 1.643 -10.145 8.216 1.977 -10.145 8.120 1.682 -8.942 7.437 0.664613 0.335126 0.663047 0.339864 0.646041 0.328814
3 16 1.909 -8.796 7.412 1.682 -8.942 7.437 2.335 -10.101 8.228 0.643054 0.331158 0.646041 0.328814 0.661458 0.344875
3 16 1.682 -8.942 7.437 1.977 -10.145 8.120 2.335 -10.101 8.228 0.646041 0.328814 0.663047 0.339864 0.661458 0.344875
3 16 2.335 -10.101 8.228 2.698 -10.104 8.526 1.909 -8.796 7.412 0.661458 0.344875 0.660466 0.351502 0.643054 0.331158
3 16 0.000 0.000 7.656 0.000 -8.534 7.668 2.103 0.000 7.379 0.913453 0.367983 0.793241 0.367813 0.913496 0.338109
3 16 0.000 -8.534 7.668 1.019 -8.773 7.533 2.103 0.000 7.379 0.793241 0.367813 0.789909 0.353336 0.913496 0.338109
3 16 0.000 -8.879 -8.589 1.428 -8.824 -8.475 0.854 -9.146 -8.511 0.788823 0.009320 0.789497 0.029507 0.785021 0.021382
3 16 1.428 -8.824 -8.475 1.173 -9.047 -8.496 0.854 -9.146 -8.511 0.789497 0.029507 0.786383 0.025883 0.785021 0.021382
3 16 7.036 -8.195 3.593 5.745 -8.195 5.276 11.575 -8.722 1.879 0.184854 0.677474 0.203141 0.701058 0.120336 0.653720
3 16 5.745 -8.195 5.276 7.527 -8.264 11.761 11.575 -8.722 1.879 0.203141 0.701058 0.178674 0.792542 0.120336 0.653720
3 16 6.570 -8.240 -13.645 3.946 -8.403 -12.166 10.465 -8.516 -7.401 0.190201 0.434719 0.227294 0.455323 0.135622 0.522910
3 16 0.734 -10.500 1.377 0.000 -10.500 -0.469 0.000 -10.500 1.498 0.247673 0.608939 0.273678 0.619278 0.245968 0.619280
3 16 1.847 -10.500 0.265 0.000 -10.500 -0.469 0.734 -10.500 1.377 0.263345 0.593268 0.273678 0.619278 0.247673 0.608939
3 16 1.968 -10.500 -0.469 0.000 -10.500 -0.469 1.847 -10.500 0.265 0.273684 0.591563 0.273678 0.619278 0.263345 0.593268
3 16 1.831 -10.500 -1.219 0.000 -10.500 -0.469 1.968 -10.500 -0.469 0.284248 0.593493 0.273678 0.619278 0.273684 0.591563
3 16 0.750 -10.500 -2.300 0.000 -10.500 -0.469 1.831 -10.500 -1.219 0.299469 0.608714 0.273678 0.619278 0.284248 0.593493
3 16 0.000 -10.500 -2.437 0.000 -10.500 -0.469 0.750 -10.500 -2.300 0.301399 0.619277 0.273678 0.619278 0.299469 0.608714
3 16 4.444 -8.387 9.850 4.444 -12.182 9.850 7.527 -8.264 11.761 0.630913 0.378835 0.683580 0.387840 0.620469 0.428634
3 16 4.444 -12.182 9.850 7.527 -12.322 11.761 7.527 -8.264 11.761 0.683580 0.387840 0.676999 0.438672 0.620469 0.428634
3 16 7.527 -8.264 11.761 7.527 -12.322 11.761 10.504 -8.545 13.124 0.620469 0.428634 0.676999 0.438672 0.616313 0.474573
3 16 7.527 -12.322 11.761 10.504 -12.604 13.124 10.504 -8.545 13.124 0.676999 0.438672 0.672781 0.485086 0.616313 0.474573
3 16 14.025 -9.322 14.178 14.025 -13.380 14.178 17.281 -10.463 14.299 0.617490 0.527215 0.673786 0.538549 0.624033 0.575067
3 16 14.025 -13.380 14.178 17.281 -14.522 14.299 17.281 -10.463 14.299 0.673786 0.538549 0.680122 0.587387 0.624033 0.575067
3 16 19.263 -11.512 10.095 19.263 -15.571 10.095 18.719 -11.158 7.055 0.622367 0.648070 0.677999 0.661595 0.606881 0.688582
3 16 19.263 -15.571 10.095 18.719 -15.217 7.055 18.719 -11.158 7.055 0.677999 0.661595 0.662400 0.702994 0.606881 0.688582
3 16 17.319 -10.409 1.840 17.319 -14.468 1.840 15.809 -9.846 -0.276 0.576581 0.758658 0.631838 0.774139 0.558795 0.791561
3 16 17.319 -14.468 1.840 15.809 -13.904 -0.276 15.809 -9.846 -0.276 0.631838 0.774139 0.613972 0.807310 0.558795 0.791561
3 16 13.229 -9.011 -2.249 13.229 -13.070 -2.249 14.992 -9.479 -4.285 0.726640 0.876094 0.669757 0.871045 0.723411 0.837758
3 16 13.229 -13.070 -2.249 14.992 -13.538 -4.285 14.992 -9.479 -4.285 0.669757 0.871045 0.666538 0.832698 0.723411 0.837758
3 16 14.992 -9.479 -4.285 14.992 -13.538 -4.285 16.272 -10.077 -7.422 0.723411 0.837758 0.666538 0.832698 0.719257 0.789488
3 16 14.992 -13.538 -4.285 16.272 -14.135 -7.422 16.272 -10.077 -7.422 0.666538 0.832698 0.662395 0.784417 0.719257 0.789488
3 16 16.272 -10.077 -7.422 16.272 -14.135 -7.422 16.064 -10.013 -10.538 0.719257 0.789488 0.662395 0.784417 0.724074 0.745758
3 16 16.272 -14.135 -7.422 16.064 -14.071 -10.538 16.064 -10.013 -10.538 0.662395 0.784417 0.667217 0.740686 0.724074 0.745758
3 16 13.780 -13.259 -13.255 13.780 -9.201 -13.255 16.064 -14.071 -10.538 0.683082 0.691883 0.739936 0.696981 0.667217 0.740686
3 16 13.780 -9.201 -13.255 16.064 -10.013 -10.538 16.064 -14.071 -10.538 0.739936 0.696981 0.724074 0.745758 0.667217 0.740686
3 16 10.222 -12.501 -14.299 10.222 -8.442 -14.299 13.780 -13.259 -13.255 0.698535 0.640789 0.755381 0.645921 0.683082 0.691883
3 16 10.222 -8.442 -14.299 13.780 -9.201 -13.255 13.780 -13.259 -13.255 0.755381 0.645921 0.739936 0.696981 0.683082 0.691883
3 16 3.946 -12.256 -12.166 3.946 -8.403 -12.166 6.570 -12.214 -13.645 0.710701 0.546907 0.764612 0.551681 0.707491 0.589124
3 16 3.946 -8.403 -12.166 6.570 -8.240 -13.645 6.570 -12.214 -13.645 0.764612 0.551681 0.763129 0.594112 0.707491 0.589124
3 16 6.570 -12.214 -13.645 6.570 -8.240 -13.645 10.222 -12.501 -14.299 0.707491 0.589124 0.763129 0.594112 0.698535 0.640789
3 16 6.570 -8.240 -13.645 10.222 -8.442 -14.299 10.222 -12.501 -14.299 0.763129 0.594112 0.755381 0.645921 0.698535 0.640789
3 16 19.263 -15.571 10.095 19.263 -11.512 10.095 19.233 -15.535 12.171 0.677999 0.661595 0.622367 0.648070 0.684385 0.632787
3 16 19.263 -11.512 10.095 19.233 -11.477 12.171 19.233 -15.535 12.171 0.622367 0.648070 0.628616 0.619706 0.684385 0.632787
3 16 10.504 -8.545 13.124 10.504 -12.604 13.124 14.025 -9.322 14.178 0.616313 0.474573 0.672781 0.485086 0.617490 0.527215
3 16 10.504 -12.604 13.124 14.025 -13.380 14.178 14.025 -9.322 14.178 0.672781 0.485086 0.673786 0.538549 0.617490 0.527215
3 16 0.000 0.000 5.927 3.059 0.000 5.037 0.000 -9.750 5.927 0.006387 0.857501 0.051254 0.857500 0.006386 0.994824
3 16 3.059 0.000 5.037 3.059 -9.750 5.037 0.000 -9.750 5.927 0.051254 0.857500 0.051253 0.994823 0.006386 0.994824
3 16 0.000 -9.750 3.662 0.000 -9.750 5.927 1.975 -9.750 3.087 0.216705 0.621677 0.184799 0.621677 0.224807 0.593855
3 16 0.000 -9.750 5.927 3.059 -9.750 5.037 1.975 -9.750 3.087 0.184799 0.621677 0.197344 0.578599 0.224807 0.593855
3 16 4.131 -9.750 -0.469 3.556 -9.750 1.506 6.397 -9.750 -0.469 0.274893 0.563489 0.247071 0.571591 0.274893 0.531583
3 16 3.556 -9.750 1.506 5.506 -9.750 2.589 6.397 -9.750 -0.469 0.247071 0.571591 0.231815 0.544128 0.274893 0.531583
3 16 6.397 -9.750 -0.469 5.506 -9.750 2.589 6.397 0.000 -0.469 0.144870 0.994823 0.100003 0.994822 0.144873 0.857500
3 16 5.506 -9.750 2.589 5.506 0.000 2.589 6.397 0.000 -0.469 0.100003 0.994822 0.100005 0.857499 0.144873 0.857500
3 16 7.036 0.000 3.593 7.848 0.000 1.634 5.506 0.000 2.589 0.962260 0.796489 0.973693 0.824089 0.940704 0.810630
3 16 7.848 0.000 1.634 6.397 0.000 -0.469 5.506 0.000 2.589 0.973693 0.824089 0.953249 0.853708 0.940704 0.810630
3 16 8.125 0.000 -0.469 6.397 0.000 -0.469 7.848 0.000 1.634 0.977592 0.853708 0.953249 0.853708 0.973693 0.824089
3 16 3.542 -9.750 -2.459 4.131 -9.750 -0.469 5.484 -9.750 -3.549 0.302911 0.571787 0.274893 0.563489 0.318274 0.544431
3 16 4.131 -9.750 -0.469 6.397 -9.750 -0.469 5.484 -9.750 -3.549 0.274893 0.563489 0.274893 0.531583 0.318274 0.544431
3 16 5.484 -9.750 -3.549 6.397 -9.750 -0.469 5.484 0.000 -3.549 0.190114 0.994824 0.144870 0.994823 0.190117 0.857501
3 16 6.397 -9.750 -0.469 6.397 0.000 -0.469 5.484 0.000 -3.549 0.144870 0.994823 0.144873 0.857500 0.190117 0.857501
3 16 0.000 -9.750 -4.601 1.989 -9.750 -4.012 0.000 -9.750 -6.866 0.333081 0.621677 0.324783 0.593659 0.364987 0.621677
3 16 1.989 -9.750 -4.012 3.080 -9.750 -5.954 0.000 -9.750 -6.866 0.324783 0.593659 0.352139 0.578296 0.364987 0.621677
3 16 0.000 -9.750 -6.866 3.080 -9.750 -5.954 0.000 0.000 -6.866 0.283249 0.994829 0.238005 0.994826 0.283253 0.857506
3 16 3.080 -9.750 -5.954 3.080 0.000 -5.954 0.000 0.000 -6.866 0.238005 0.994826 0.238009 0.857504 0.283253 0.857506
3 16 4.063 0.000 -7.506 2.103 0.000 -8.318 3.080 0.000 -5.954 0.920373 0.952814 0.892773 0.964246 0.906536 0.930954
3 16 2.103 0.000 -8.318 0.000 0.000 -6.866 3.080 0.000 -5.954 0.892773 0.964246 0.863155 0.943802 0.906536 0.930954
3 16 0.000 0.000 -8.594 0.000 0.000 -6.866 2.103 0.000 -8.318 0.863155 0.968145 0.863155 0.943802 0.892773 0.964246
3 16 -2.103 -8.716 -8.318 -1.737 -8.846 -9.336 -3.946 -8.403 -12.166 0.293848 0.509799 0.288525 0.495402 0.320434 0.455745
3 16 -2.103 -8.716 -8.318 -3.946 -8.403 -12.166 -4.063 -8.430 -7.506 0.293848 0.509799 0.320434 0.455745 0.321657 0.521386
3 16 -3.946 -8.403 -12.166 -10.465 -8.516 -7.401 -4.063 -8.430 -7.506 0.320434 0.455745 0.412106 0.523332 0.321657 0.521386
3 16 -13.166 -8.993 -1.719 -11.042 -8.587 -1.839 -13.229 -9.011 -2.249 0.450386 0.603567 0.419958 0.601723 0.451340 0.596108
3 16 -11.042 -8.587 -1.839 -10.465 -8.516 -7.401 -13.229 -9.011 -2.249 0.419958 0.601723 0.412106 0.523332 0.451340 0.596108
3 16 -11.042 -8.587 -1.839 -13.166 -8.993 -1.719 -11.575 -8.722 1.879 0.419958 0.601723 0.450386 0.603567 0.427392 0.654142
3 16 -13.166 -8.993 -1.719 -13.608 -9.110 -1.304 -11.575 -8.722 1.879 0.450386 0.603567 0.456778 0.609450 0.427392 0.654142
3 16 -14.025 -9.322 14.178 -10.504 -8.545 13.124 -13.813 -9.417 8.459 0.461744 0.827614 0.411034 0.812448 0.459775 0.747017
3 16 -7.527 -8.264 11.761 -13.813 -9.417 8.459 -10.504 -8.545 13.124 0.369054 0.792964 0.459775 0.747017 0.411034 0.812448
3 16 -11.575 -8.722 1.879 -13.813 -9.417 8.459 -7.527 -8.264 11.761 0.427392 0.654142 0.459775 0.747017 0.369054 0.792964
3 16 -7.527 -8.264 11.761 -4.444 -8.387 9.850 -5.745 -8.195 5.276 0.369054 0.792964 0.325825 0.765832 0.344587 0.701479
3 16 -4.444 -8.387 9.850 -4.063 -8.195 6.567 -5.745 -8.195 5.276 0.325825 0.765832 0.320761 0.719326 0.344587 0.701479
3 16 -19.263 -11.512 10.095 -13.813 -9.417 8.459 -18.719 -11.158 7.055 0.542267 0.770658 0.459775 0.747017 0.533455 0.727789
3 16 -18.719 -11.158 7.055 -13.813 -9.417 8.459 -18.087 -10.780 4.404 0.533455 0.727789 0.459775 0.747017 0.523488 0.690368
3 16 -18.087 -10.780 4.404 -13.813 -9.417 8.459 -17.319 -10.409 1.840 0.523488 0.690368 0.459775 0.747017 0.511798 0.654156
3 16 -13.813 -9.417 8.459 -11.575 -8.722 1.879 -17.319 -10.409 1.840 0.459775 0.747017 0.427392 0.654142 0.511798 0.654156
3 16 -17.319 -10.409 1.840 -11.575 -8.722 1.879 -15.809 -9.846 -0.276 0.511798 0.654156 0.427392 0.654142 0.489303 0.624211
3 16 -19.263 -11.512 10.095 -19.233 -11.477 12.171 -13.813 -9.417 8.459 0.542267 0.770658 0.541453 0.799887 0.459775 0.747017
3 16 -17.281 -10.463 14.299 -14.025 -9.322 14.178 -13.813 -9.417 8.459 0.510315 0.829671 0.461744 0.827614 0.459775 0.747017
3 16 -13.813 -9.417 8.459 -18.670 -11.172 13.489 -17.281 -10.463 14.299 0.459775 0.747017 0.532311 0.818376 0.510315 0.829671
3 16 -18.670 -11.172 13.489 -13.813 -9.417 8.459 -19.233 -11.477 12.171 0.532311 0.818376 0.459775 0.747017 0.541453 0.799887
3 16 -13.608 -9.110 -1.304 -15.809 -9.846 -0.276 -11.575 -8.722 1.879 0.456778 0.609450 0.489303 0.624211 0.427392 0.654142
3 16 -13.780 -9.201 -13.255 -16.064 -10.013 -10.538 -10.465 -8.516 -7.401 0.460172 0.441131 0.494102 0.479536 0.412106 0.523332
3 16 -16.064 -10.013 -10.538 -16.272 -10.077 -7.422 -10.465 -8.516 -7.401 0.494102 0.479536 0.496962 0.523406 0.412106 0.523332
3 16 -16.272 -10.077 -7.422 -14.992 -9.479 -4.285 -10.465 -8.516 -7.401 0.496962 0.523406 0.477144 0.567578 0.412106 0.523332
3 16 -13.780 -9.201 -13.255 -10.465 -8.516 -7.401 -10.222 -8.442 -14.299 0.460172 0.441131 0.412106 0.523332 0.409042 0.426172
3 16 -6.570 -8.240 -13.645 -10.222 -8.442 -14.299 -10.465 -8.516 -7.401 0.357528 0.435141 0.409042 0.426172 0.412106 0.523332
3 16 -14.992 -9.479 -4.285 -13.229 -9.011 -2.249 -10.465 -8.516 -7.401 0.477144 0.567578 0.451340 0.596108 0.412106 0.523332
3 16 -5.745 -8.195 -6.215 -4.063 -8.430 -7.506 -10.465 -8.516 -7.401 0.345408 0.539758 0.321657 0.521386 0.412106 0.523332
3 16 -2.560 -12.268 8.266 -9.686 -12.542 3.025 -2.168 -12.280 7.733 0.347155 0.094843 0.448358 0.168071 0.341673 0.102375
3 16 -9.686 -12.542 3.025 -1.845 -12.296 7.166 -2.168 -12.280 7.733 0.448358 0.168071 0.337158 0.110387 0.341673 0.102375
3 16 -0.947 -12.057 -8.035 -1.268 -11.596 -9.236 0.000 -12.141 -8.186 0.309639 0.317278 0.314716 0.336159 0.295336 0.317341
3 16 -1.268 -11.596 -9.236 0.000 -11.548 -9.530 0.000 -12.141 -8.186 0.314716 0.336159 0.294637 0.339169 0.295336 0.317341
3 16 -1.321 -10.643 -9.570 0.000 -10.557 -9.930 -1.268 -11.596 -9.236 0.315284 0.351732 0.294456 0.353133 0.314716 0.336159
3 16 0.000 -10.557 -9.930 0.000 -11.548 -9.530 -1.268 -11.596 -9.236 0.294456 0.353133 0.294637 0.339169 0.314716 0.336159
3 16 -1.321 -10.643 -9.570 -1.145 -9.569 -9.307 0.000 -10.557 -9.930 0.315284 0.351732 0.312113 0.368862 0.294456 0.353133
3 16 -1.145 -9.569 -9.307 0.000 -9.504 -9.519 0.000 -10.557 -9.930 0.312113 0.368862 0.295075 0.369074 0.294456 0.353133
3 16 -1.145 -9.569 -9.307 -0.854 -9.146 -8.511 0.000 -9.504 -9.519 0.312113 0.368862 0.307674 0.381721 0.295075 0.369074
3 16 -0.854 -9.146 -8.511 0.000 -8.879 -8.589 0.000 -9.504 -9.519 0.307674 0.381721 0.295248 0.383591 0.295075 0.369074
3 16 -0.947 -12.057 -8.035 0.000 -12.141 -8.186 -1.110 -12.373 -6.111 0.309639 0.317278 0.295336 0.317341 0.311658 0.289880
3 16 0.000 -12.141 -8.186 0.000 -12.480 -6.199 -1.110 -12.373 -6.111 0.295336 0.317341 0.295768 0.290480 0.311658 0.289880
3 16 0.000 -12.480 -6.199 0.000 -12.751 -4.222 -1.110 -12.373 -6.111 0.295768 0.290480 0.295882 0.263278 0.311658 0.289880
3 16 0.000 -12.751 -4.222 -1.281 -12.389 -4.238 -1.110 -12.373 -6.111 0.295882 0.263278 0.315171 0.264244 0.311658 0.289880
3 16 -1.951 -12.350 -0.044 0.000 -13.138 -0.172 -2.007 -12.363 2.123 0.326886 0.206594 0.297169 0.207682 0.328141 0.176432
3 16 0.000 -13.138 -0.172 0.000 -13.204 2.087 -2.007 -12.363 2.123 0.297169 0.207682 0.297456 0.176864 0.328141 0.176432
3 16 -2.007 -12.363 2.123 0.000 -13.204 2.087 -1.847 -12.401 4.205 0.328141 0.176432 0.297456 0.176864 0.325888 0.147346
3 16 0.000 -13.204 2.087 0.000 -13.120 4.260 -1.847 -12.401 4.205 0.297456 0.176864 0.296971 0.147316 0.325888 0.147346
3 16 -1.847 -12.401 4.205 0.000 -13.120 4.260 -1.561 -12.332 6.525 0.325888 0.147346 0.296971 0.147316 0.321393 0.114711
3 16 0.000 -13.120 4.260 0.000 -12.894 6.032 -1.561 -12.332 6.525 0.296971 0.147316 0.297905 0.123356 0.321393 0.114711
3 16 -1.675 -12.381 -2.079 0.000 -12.979 -2.165 -1.951 -12.350 -0.044 0.322058 0.234703 0.296902 0.235010 0.326886 0.206594
3 16 0.000 -12.979 -2.165 0.000 -13.138 -0.172 -1.951 -12.350 -0.044 0.296902 0.235010 0.297169 0.207682 0.326886 0.206594
3 16 -1.785 -10.536 -9.895 -1.737 -8.846 -9.336 -1.321 -10.643 -9.570 0.739209 0.057466 0.714876 0.050826 0.741251 0.049600
3 16 -1.737 -8.846 -9.336 -1.145 -9.569 -9.307 -1.321 -10.643 -9.570 0.714876 0.050826 0.726795 0.043974 0.741251 0.049600
3 16 -2.204 -12.285 -10.351 -1.785 -10.536 -9.895 -1.268 -11.596 -9.236 0.763610 0.067619 0.739209 0.057466 0.754903 0.046599
3 16 -1.785 -10.536 -9.895 -1.321 -10.643 -9.570 -1.268 -11.596 -9.236 0.739209 0.057466 0.741251 0.049600 0.754903 0.046599
3 16 -1.268 -11.596 -9.236 -1.584 -12.331 -9.233 -2.204 -12.285 -10.351 0.754903 0.046599 0.765583 0.049888 0.763610 0.067619
3 16 -1.584 -12.331 -9.233 -1.268 -11.596 -9.236 -1.317 -12.362 -8.098 0.765583 0.049888 0.754903 0.046599 0.769623 0.033929
3 16 -1.268 -11.596 -9.236 -0.947 -12.057 -8.035 -1.317 -12.362 -8.098 0.754903 0.046599 0.763806 0.030377 0.769623 0.033929
3 16 -1.317 -12.362 -8.098 -0.947 -12.057 -8.035 -1.110 -12.373 -6.111 0.769623 0.033929 0.763806 0.030377 0.778123 0.006975
3 16 -1.281 -12.389 -4.238 -1.675 -12.381 -2.079 -9.477 -12.556 -7.479 0.330062 0.271040 0.335445 0.240597 0.446244 0.316028
3 16 -1.675 -12.381 -2.079 -1.951 -12.350 -0.044 -9.477 -12.556 -7.479 0.335445 0.240597 0.339193 0.211919 0.446244 0.316028
3 16 -1.951 -12.350 -0.044 -8.036 -12.321 -1.266 -9.477 -12.556 -7.479 0.339193 0.211919 0.425151 0.228670 0.446244 0.316028
3 16 -9.686 -12.542 3.025 -8.036 -12.321 -1.266 -2.007 -12.363 2.123 0.448358 0.168071 0.425151 0.228670 0.339799 0.181415
3 16 -8.036 -12.321 -1.266 -1.951 -12.350 -0.044 -2.007 -12.363 2.123 0.425151 0.228670 0.339193 0.211919 0.339799 0.181415
3 16 -3.946 -12.256 -12.166 -9.477 -12.556 -7.479 -6.570 -12.214 -13.645 0.368243 0.382513 0.446244 0.316028 0.405344 0.403123
3 16 -13.229 -13.070 -2.249 -9.477 -12.556 -7.479 -13.166 -13.051 -1.719 0.499242 0.242117 0.446244 0.316028 0.498278 0.234657
3 16 -9.477 -12.556 -7.479 -8.036 -12.321 -1.266 -13.166 -13.051 -1.719 0.446244 0.316028 0.425151 0.228670 0.498278 0.234657
3 16 -13.166 -13.051 -1.719 -8.036 -12.321 -1.266 -13.608 -13.168 -1.304 0.498278 0.234657 0.425151 0.228670 0.504674 0.228774
3 16 -8.036 -12.321 -1.266 -9.686 -12.542 3.025 -13.608 -13.168 -1.304 0.425151 0.228670 0.448358 0.168071 0.504674 0.228774
3 16 -14.025 -13.380 14.178 -13.317 -13.128 8.440 -10.504 -12.604 13.124 0.509806 0.010650 0.499751 0.091538 0.459002 0.025748
3 16 -10.504 -12.604 13.124 -13.317 -13.128 8.440 -7.527 -12.322 11.761 0.459002 0.025748 0.499751 0.091538 0.416899 0.045166
3 16 -7.527 -12.322 11.761 -13.317 -13.128 8.440 -4.444 -12.182 9.850 0.416899 0.045166 0.499751 0.091538 0.373587 0.072379
3 16 -13.317 -13.128 8.440 -9.686 -12.542 3.025 -4.444 -12.182 9.850 0.499751 0.091538 0.448358 0.168071 0.373587 0.072379
3 16 -2.560 -12.268 8.266 -2.168 -12.280 7.733 -2.400 -11.534 8.218 0.581467 0.507033 0.581269 0.516191 0.570819 0.508546
3 16 -18.719 -15.217 7.055 -13.317 -13.128 8.440 -19.263 -15.571 10.095 0.581562 0.110588 0.499751 0.091538 0.590348 0.067669
3 16 -18.087 -14.839 4.404 -13.317 -13.128 8.440 -18.719 -15.217 7.055 0.571526 0.147993 0.499751 0.091538 0.581562 0.110588
3 16 -17.319 -14.468 1.840 -9.686 -12.542 3.025 -18.087 -14.839 4.404 0.559764 0.184172 0.448358 0.168071 0.571526 0.147993
3 16 -9.686 -12.542 3.025 -13.317 -13.128 8.440 -18.087 -14.839 4.404 0.448358 0.168071 0.499751 0.091538 0.571526 0.147993
3 16 -15.809 -13.904 -0.276 -9.686 -12.542 3.025 -17.319 -14.468 1.840 0.537241 0.214088 0.448358 0.168071 0.559764 0.184172
3 16 -19.263 -15.571 10.095 -13.317 -13.128 8.440 -19.233 -15.535 12.171 0.590348 0.067669 0.499751 0.091538 0.589546 0.038394
3 16 -17.281 -14.522 14.299 -13.317 -13.128 8.440 -14.025 -13.380 14.178 0.558393 0.008576 0.499751 0.091538 0.509806 0.010650
3 16 -18.670 -15.230 13.489 -13.317 -13.128 8.440 -17.281 -14.522 14.299 0.580398 0.019885 0.499751 0.091538 0.558393 0.008576
3 16 -19.233 -15.535 12.171 -13.317 -13.128 8.440 -18.670 -15.230 13.489 0.589546 0.038394 0.499751 0.091538 0.580398 0.019885
3 16 -9.686 -12.542 3.025 -2.007 -12.363 2.123 -1.847 -12.401 4.205 0.448358 0.168071 0.339799 0.181415 0.337346 0.152111
3 16 -1.847 -12.401 4.205 -1.561 -12.332 6.525 -9.686 -12.542 3.025 0.337346 0.152111 0.333186 0.119447 0.448358 0.168071
3 16 -13.608 -13.168 -1.304 -9.686 -12.542 3.025 -15.809 -13.904 -0.276 0.504674 0.228774 0.448358 0.168071 0.537241 0.214088
3 16 -13.780 -13.259 -13.255 -9.477 -12.556 -7.479 -16.064 -14.071 -10.538 0.508223 0.397097 0.446244 0.316028 0.542190 0.358665
3 16 -16.064 -14.071 -10.538 -9.477 -12.556 -7.479 -16.272 -14.135 -7.422 0.542190 0.358665 0.446244 0.316028 0.545009 0.314770
3 16 -16.272 -14.135 -7.422 -9.477 -12.556 -7.479 -14.992 -13.538 -4.285 0.545009 0.314770 0.446244 0.316028 0.525081 0.270633
3 16 -10.222 -12.501 -14.299 -9.477 -12.556 -7.479 -13.780 -13.259 -13.255 0.457021 0.412065 0.446244 0.316028 0.508223 0.397097
3 16 -6.570 -12.214 -13.645 -9.477 -12.556 -7.479 -10.222 -12.501 -14.299 0.405344 0.403123 0.446244 0.316028 0.457021 0.412065
3 16 -14.992 -13.538 -4.285 -9.477 -12.556 -7.479 -13.229 -13.070 -2.249 0.525081 0.270633 0.446244 0.316028 0.499242 0.242117
3 16 -2.204 -12.285 -10.351 -1.584 -12.331 -9.233 -3.946 -12.256 -12.166 0.343573 0.357057 0.334732 0.341351 0.368243 0.382513
3 16 -1.584 -12.331 -9.233 -9.477 -12.556 -7.479 -3.946 -12.256 -12.166 0.334732 0.341351 0.446244 0.316028 0.368243 0.382513
3 16 -9.477 -12.556 -7.479 -1.317 -12.362 -8.098 -1.110 -12.373 -6.111 0.446244 0.316028 0.330871 0.325382 0.327815 0.297416
3 16 -2.560 -12.268 8.266 -2.400 -11.534 8.218 -2.698 -10.104 8.526 0.581467 0.507033 0.570819 0.508546 0.551753 0.499238
3 16 -2.400 -11.534 8.218 -2.335 -10.101 8.228 -2.698 -10.104 8.526 0.570819 0.508546 0.550375 0.505792 0.551753 0.499238
3 16 -3.946 -12.256 -12.166 -1.785 -10.536 -9.895 -2.204 -12.285 -10.351 0.761441 0.102869 0.739209 0.057466 0.763610 0.067619
3 16 -3.946 -8.403 -12.166 -1.785 -10.536 -9.895 -3.946 -12.256 -12.166 0.707365 0.100611 0.739209 0.057466 0.761441 0.102869
3 16 -7.527 -8.264 11.761 -7.527 -12.322 11.761 -4.444 -8.387 9.850 0.541478 0.412953 0.598024 0.423492 0.533707 0.463278
3 16 -7.527 -12.322 11.761 -4.444 -12.182 9.850 -4.444 -8.387 9.850 0.598024 0.423492 0.586274 0.473364 0.533707 0.463278
3 16 -10.504 -8.545 13.124 -10.504 -12.604 13.124 -7.527 -8.264 11.761 0.553768 0.368488 0.610421 0.378579 0.541478 0.412953
3 16 -10.504 -12.604 13.124 -7.527 -12.322 11.761 -7.527 -8.264 11.761 0.610421 0.378579 0.598024 0.423492 0.541478 0.412953
3 16 -14.025 -9.322 14.178 -14.025 -13.380 14.178 -10.504 -8.545 13.124 0.573409 0.319639 0.630186 0.328911 0.553768 0.368488
3 16 -14.025 -13.380 14.178 -10.504 -12.604 13.124 -10.504 -8.545 13.124 0.630186 0.328911 0.610421 0.378579 0.553768 0.368488
3 16 -17.281 -10.463 14.299 -17.281 -14.522 14.299 -14.025 -9.322 14.178 0.596393 0.277166 0.653326 0.285439 0.573409 0.319639
3 16 -17.281 -14.522 14.299 -14.025 -13.380 14.178 -14.025 -9.322 14.178 0.653326 0.285439 0.630186 0.328911 0.573409 0.319639
3 16 -17.281 -14.522 14.299 -17.281 -10.463 14.299 -18.670 -15.230 13.489 0.653326 0.285439 0.596393 0.277166 0.666362 0.264056
3 16 -17.281 -10.463 14.299 -18.670 -11.172 13.489 -18.670 -15.230 13.489 0.596393 0.277166 0.609517 0.256337 0.666362 0.264056
3 16 -18.670 -15.230 13.489 -18.670 -11.172 13.489 -19.233 -15.535 12.171 0.666362 0.264056 0.609517 0.256337 0.673329 0.244431
3 16 -18.670 -11.172 13.489 -19.233 -11.477 12.171 -19.233 -15.535 12.171 0.609517 0.256337 0.616427 0.237004 0.673329 0.244431
3 16 -19.233 -15.535 12.171 -19.233 -11.477 12.171 -19.263 -15.571 10.095 0.673329 0.244431 0.616427 0.237004 0.677498 0.215205
3 16 -19.233 -11.477 12.171 -19.263 -11.512 10.095 -19.263 -15.571 10.095 0.616427 0.237004 0.620562 0.208255 0.677498 0.215205
3 16 -18.719 -11.158 7.055 -18.719 -15.217 7.055 -19.263 -11.512 10.095 0.620323 0.164896 0.677473 0.170960 0.620562 0.208255
3 16 -18.719 -15.217 7.055 -19.263 -15.571 10.095 -19.263 -11.512 10.095 0.677473 0.170960 0.677498 0.215205 0.620562 0.208255
3 16 -18.719 -15.217 7.055 -18.719 -11.158 7.055 -18.087 -14.839 4.404 0.677473 0.170960 0.620323 0.164896 0.675907 0.131895
3 16 -18.719 -11.158 7.055 -18.087 -10.780 4.404 -18.087 -14.839 4.404 0.620323 0.164896 0.618669 0.126469 0.675907 0.131895
3 16 -18.087 -14.839 4.404 -18.087 -10.780 4.404 -17.319 -14.468 1.840 0.675907 0.131895 0.618669 0.126469 0.673928 0.093600
3 16 -18.087 -10.780 4.404 -17.319 -10.409 1.840 -17.319 -14.468 1.840 0.618669 0.126469 0.616653 0.088638 0.673928 0.093600
3 16 -15.809 -9.846 -0.276 -15.809 -13.904 -0.276 -17.319 -10.409 1.840 0.611598 0.051562 0.668883 0.056247 0.616653 0.088638
3 16 -15.809 -13.904 -0.276 -17.319 -14.468 1.840 -17.319 -10.409 1.840 0.668883 0.056247 0.673928 0.093600 0.616653 0.088638
3 16 -15.809 -13.904 -0.276 -15.809 -9.846 -0.276 -13.608 -13.168 -1.304 0.668883 0.056247 0.611598 0.051562 0.661119 0.021190
3 16 -15.809 -9.846 -0.276 -13.608 -9.110 -1.304 -13.608 -13.168 -1.304 0.611598 0.051562 0.603880 0.016603 0.661119 0.021190
3 16 -13.608 -13.168 -1.304 -13.608 -9.110 -1.304 -13.166 -13.051 -1.719 0.661119 0.021190 0.603880 0.016603 0.660149 0.012520
3 16 -13.608 -9.110 -1.304 -13.166 -8.993 -1.719 -13.166 -13.051 -1.719 0.603880 0.016603 0.602900 0.007937 0.660149 0.012520
3 16 -13.166 -13.051 -1.719 -13.166 -8.993 -1.719 -13.229 -13.070 -2.249 0.759432 0.437077 0.702373 0.434705 0.760004 0.429581
3 16 -13.166 -8.993 -1.719 -13.229 -9.011 -2.249 -13.229 -13.070 -2.249 0.702373 0.434705 0.702946 0.427210 0.760004 0.429581
3 16 -14.992 -9.479 -4.285 -14.992 -13.538 -4.285 -13.229 -9.011 -2.249 0.711120 0.389617 0.768168 0.391975 0.702946 0.427210
3 16 -14.992 -13.538 -4.285 -13.229 -13.070 -2.249 -13.229 -9.011 -2.249 0.768168 0.391975 0.760004 0.429581 0.702946 0.427210
3 16 -16.272 -10.077 -7.422 -16.272 -14.135 -7.422 -14.992 -9.479 -4.285 0.721498 0.342293 0.778538 0.344638 0.711120 0.389617
3 16 -16.272 -14.135 -7.422 -14.992 -13.538 -4.285 -14.992 -9.479 -4.285 0.778538 0.344638 0.768168 0.391975 0.711120 0.389617
3 16 -16.064 -10.013 -10.538 -16.064 -14.071 -10.538 -16.272 -10.077 -7.422 0.722393 0.298308 0.779428 0.300651 0.721498 0.342293
3 16 -16.064 -14.071 -10.538 -16.272 -14.135 -7.422 -16.272 -10.077 -7.422 0.779428 0.300651 0.778538 0.344638 0.721498 0.342293
3 16 -16.064 -14.071 -10.538 -16.064 -10.013 -10.538 -13.780 -13.259 -13.255 0.779428 0.300651 0.722393 0.298308 0.770026 0.250203
3 16 -16.064 -10.013 -10.538 -13.780 -9.201 -13.255 -13.780 -13.259 -13.255 0.722393 0.298308 0.712991 0.247886 0.770026 0.250203
3 16 -13.780 -13.259 -13.255 -13.780 -9.201 -13.255 -10.222 -12.501 -14.299 0.770026 0.250203 0.712991 0.247886 0.761329 0.197536
3 16 -13.780 -9.201 -13.255 -10.222 -8.442 -14.299 -10.222 -12.501 -14.299 0.712991 0.247886 0.704297 0.195254 0.761329 0.197536
3 16 -10.222 -12.501 -14.299 -10.222 -8.442 -14.299 -6.570 -12.214 -13.645 0.761329 0.197536 0.704297 0.195254 0.759148 0.145147
3 16 -10.222 -8.442 -14.299 -6.570 -8.240 -13.645 -6.570 -12.214 -13.645 0.704297 0.195254 0.703333 0.142876 0.759148 0.145147
3 16 -6.570 -12.214 -13.645 -6.570 -8.240 -13.645 -3.946 -12.256 -12.166 0.759148 0.145147 0.703333 0.142876 0.761441 0.102869
3 16 -6.570 -8.240 -13.645 -3.946 -8.403 -12.166 -3.946 -12.256 -12.166 0.703333 0.142876 0.707365 0.100611 0.761441 0.102869
3 16 -1.785 -10.536 -9.895 -3.946 -8.403 -12.166 -1.737 -8.846 -9.336 0.739209 0.057466 0.707365 0.100611 0.714876 0.050826
3 16 -1.584 -12.331 -9.233 -1.317 -12.362 -8.098 -9.477 -12.556 -7.479 0.334732 0.341351 0.330871 0.325382 0.446244 0.316028
3 16 -1.110 -12.373 -6.111 -1.281 -12.389 -4.238 -9.477 -12.556 -7.479 0.327815 0.297416 0.330062 0.271040 0.446244 0.316028
3 16 -1.690 -11.344 8.086 -1.454 -11.981 7.569 -0.976 -11.594 8.492 0.324928 0.085504 0.321020 0.098778 0.313922 0.086537
3 16 -1.454 -11.981 7.569 -0.906 -12.182 7.834 -0.976 -11.594 8.492 0.321020 0.098778 0.312310 0.097771 0.313922 0.086537
3 16 -1.006 -9.024 7.842 -0.987 -9.644 8.597 0.000 -8.816 7.999 0.313522 0.043544 0.314693 0.058123 0.297567 0.041303
3 16 -0.987 -9.644 8.597 0.000 -9.625 8.886 0.000 -8.816 7.999 0.314693 0.058123 0.297121 0.059431 0.297567 0.041303
3 16 -0.987 -9.644 8.597 -1.006 -9.024 7.842 -1.643 -10.145 8.216 0.314693 0.058123 0.313522 0.043544 0.325312 0.064083
3 16 -1.006 -9.024 7.842 -1.420 -9.000 7.482 -1.643 -10.145 8.216 0.313522 0.043544 0.321103 0.042408 0.325312 0.064083
3 16 -1.021 -10.642 8.837 -0.987 -9.644 8.597 -1.643 -10.145 8.216 0.315424 0.072342 0.314693 0.058123 0.325312 0.064083
3 16 -0.987 -9.644 8.597 -1.021 -10.642 8.837 0.000 -9.625 8.886 0.314693 0.058123 0.315424 0.072342 0.297121 0.059431
3 16 -1.021 -10.642 8.837 0.000 -10.700 9.106 0.000 -9.625 8.886 0.315424 0.072342 0.296884 0.071775 0.297121 0.059431
3 16 0.000 -10.700 9.106 -1.021 -10.642 8.837 0.000 -11.778 8.654 0.296884 0.071775 0.315424 0.072342 0.298657 0.087648
3 16 -1.021 -10.642 8.837 -0.976 -11.594 8.492 0.000 -11.778 8.654 0.315424 0.072342 0.313922 0.086537 0.298657 0.087648
3 16 0.000 -11.778 8.654 -0.976 -11.594 8.492 0.000 -12.400 7.858 0.298657 0.087648 0.313922 0.086537 0.298502 0.099143
3 16 -0.976 -11.594 8.492 -0.906 -12.182 7.834 0.000 -12.400 7.858 0.313922 0.086537 0.312310 0.097771 0.298502 0.099143
3 16 -1.865 -11.933 7.676 -2.168 -12.280 7.733 -1.724 -12.124 7.311 0.575923 0.519971 0.581269 0.516191 0.579820 0.524881
3 16 -2.168 -12.280 7.733 -1.845 -12.296 7.166 -1.724 -12.124 7.311 0.581269 0.516191 0.583413 0.524955 0.579820 0.524881
3 16 -1.561 -12.332 6.525 0.000 -12.894 6.032 -0.847 -12.486 7.004 0.321393 0.114711 0.297905 0.123356 0.311313 0.109276
3 16 0.000 -12.894 6.032 0.000 -12.673 7.013 -0.847 -12.486 7.004 0.297905 0.123356 0.297235 0.110582 0.311313 0.109276
3 16 0.000 -12.400 7.858 -0.906 -12.182 7.834 0.000 -12.673 7.013 0.298502 0.099143 0.312310 0.097771 0.297235 0.110582
3 16 -0.906 -12.182 7.834 -0.847 -12.486 7.004 0.000 -12.673 7.013 0.312310 0.097771 0.311313 0.109276 0.297235 0.110582
3 16 -0.847 -12.486 7.004 -0.906 -12.182 7.834 -1.386 -12.226 7.070 0.311313 0.109276 0.312310 0.097771 0.319485 0.106834
3 16 -0.906 -12.182 7.834 -1.454 -11.981 7.569 -1.386 -12.226 7.070 0.312310 0.097771 0.321020 0.098778 0.319485 0.106834
3 16 -2.168 -12.280 7.733 -1.865 -11.933 7.676 -2.400 -11.534 8.218 0.581269 0.516191 0.575923 0.519971 0.570819 0.508546
3 16 -1.865 -11.933 7.676 -2.053 -11.362 8.046 -2.400 -11.534 8.218 0.575923 0.519971 0.567751 0.513554 0.570819 0.508546
3 16 -0.847 -12.486 7.004 -1.386 -12.226 7.070 -1.561 -12.332 6.525 0.311313 0.109276 0.319485 0.106834 0.321393 0.114711
3 16 -1.021 -10.642 8.837 -1.643 -10.145 8.216 -0.976 -11.594 8.492 0.315424 0.072342 0.325312 0.064083 0.313922 0.086537
3 16 -1.643 -10.145 8.216 -1.690 -11.344 8.086 -0.976 -11.594 8.492 0.325312 0.064083 0.324928 0.085504 0.313922 0.086537
3 16 -2.400 -11.534 8.218 -2.053 -11.362 8.046 -2.335 -10.101 8.228 0.570819 0.508546 0.567751 0.513554 0.550375 0.505792
3 16 -2.053 -11.362 8.046 -1.977 -10.145 8.120 -2.335 -10.101 8.228 0.567751 0.513554 0.550086 0.511200 0.550375 0.505792
3 16 -1.561 -12.332 6.525 -1.386 -12.226 7.070 -1.845 -12.296 7.166 0.588103 0.533565 0.580339 0.530919 0.583413 0.524955
3 16 -1.386 -12.226 7.070 -1.724 -12.124 7.311 -1.845 -12.296 7.166 0.580339 0.530919 0.579820 0.524881 0.583413 0.524955
3 16 -7.036 -8.195 -4.532 -5.745 -8.195 -6.215 -10.465 -8.516 -7.401 0.363459 0.563522 0.345408 0.539758 0.412106 0.523332
3 16 -4.444 -8.387 9.850 -2.533 -8.460 7.222 -4.063 -8.195 6.567 0.325825 0.765832 0.298968 0.728545 0.320761 0.719326
3 16 -1.682 -8.942 7.437 -1.420 -9.000 7.482 -1.909 -8.796 7.412 0.787470 0.391715 0.786653 0.387976 0.789527 0.394928
3 16 -1.420 -9.000 7.482 -1.019 -8.773 7.533 -1.909 -8.796 7.412 0.786653 0.387976 0.789869 0.382281 0.789527 0.394928
3 16 -4.444 -8.387 9.850 -1.909 -8.796 7.412 -2.533 -8.460 7.222 0.325825 0.765832 0.289277 0.731941 0.298968 0.728545
3 16 -2.698 -10.104 8.526 -1.909 -8.796 7.412 -4.444 -8.387 9.850 0.551753 0.499238 0.528329 0.512210 0.533707 0.463278
3 16 -4.444 -12.182 9.850 -2.698 -10.104 8.526 -4.444 -8.387 9.850 0.586274 0.473364 0.551753 0.499238 0.533707 0.463278
3 16 -2.560 -12.268 8.266 -2.698 -10.104 8.526 -4.444 -12.182 9.850 0.581467 0.507033 0.551753 0.499238 0.586274 0.473364
3 16 -9.686 -12.542 3.025 -2.560 -12.268 8.266 -4.444 -12.182 9.850 0.448358 0.168071 0.347155 0.094843 0.373587 0.072379
3 16 -1.845 -12.296 7.166 -9.686 -12.542 3.025 -1.561 -12.332 6.525 0.337158 0.110387 0.448358 0.168071 0.333186 0.119447
3 16 -1.145 -9.569 -9.307 -1.737 -8.846 -9.336 -0.854 -9.146 -8.511 0.726795 0.043974 0.714876 0.050826 0.719111 0.033170
3 16 -1.737 -8.846 -9.336 -1.173 -9.047 -8.496 -0.854 -9.146 -8.511 0.714876 0.050826 0.715648 0.036358 0.719111 0.033170
3 16 -1.428 -8.824 -8.475 -1.737 -8.846 -9.336 -2.103 -8.716 -8.318 0.284239 0.507536 0.288525 0.495402 0.293848 0.509799
3 16 -1.428 -8.824 -8.475 -1.173 -9.047 -8.496 -1.737 -8.846 -9.336 0.711398 0.038574 0.715648 0.036358 0.714876 0.050826
3 16 -7.036 -8.195 3.593 -7.848 -8.195 1.634 -11.575 -8.722 1.879 0.362874 0.677895 0.374396 0.650366 0.427392 0.654142
3 16 -7.848 -8.195 1.634 -8.125 -8.195 -0.469 -11.575 -8.722 1.879 0.374396 0.650366 0.378425 0.620792 0.427392 0.654142
3 16 -8.125 -8.195 -0.469 -11.042 -8.587 -1.839 -11.575 -8.722 1.879 0.378425 0.620792 0.419958 0.601723 0.427392 0.654142
3 16 -8.125 -8.195 -0.469 -7.848 -8.195 -2.572 -11.042 -8.587 -1.839 0.378425 0.620792 0.374703 0.591174 0.419958 0.601723
3 16 -7.848 -8.195 -2.572 -10.465 -8.516 -7.401 -11.042 -8.587 -1.839 0.374703 0.591174 0.412106 0.523332 0.419958 0.601723
3 16 -7.848 -8.195 -2.572 -7.036 -8.195 -4.532 -10.465 -8.516 -7.401 0.374703 0.591174 0.363459 0.563522 0.412106 0.523332
3 16 -1.281 -12.389 -4.238 0.000 -12.751 -4.222 -1.675 -12.381 -2.079 0.315171 0.264244 0.295882 0.263278 0.322058 0.234703
3 16 0.000 -12.751 -4.222 0.000 -12.979 -2.165 -1.675 -12.381 -2.079 0.295882 0.263278 0.296902 0.235010 0.322058 0.234703
3 16 0.000 -8.879 -8.589 -1.428 -8.824 -8.475 0.000 0.000 -8.594 0.787808 0.726292 0.788538 0.706107 0.912851 0.726486
3 16 -4.063 0.000 -7.506 -2.103 0.000 -8.318 -4.063 -8.430 -7.506 0.912966 0.666737 0.912907 0.696611 0.794233 0.666522
3 16 -2.103 0.000 -8.318 -2.103 -8.716 -8.318 -4.063 -8.430 -7.506 0.912907 0.696611 0.790142 0.696370 0.794233 0.666522
3 16 -1.865 -11.933 7.676 -1.724 -12.124 7.311 -1.454 -11.981 7.569 0.575923 0.519971 0.579820 0.524881 0.574324 0.525887
3 16 -1.724 -12.124 7.311 -1.386 -12.226 7.070 -1.454 -11.981 7.569 0.579820 0.524881 0.580339 0.530919 0.574324 0.525887
3 16 -1.865 -11.933 7.676 -1.454 -11.981 7.569 -2.053 -11.362 8.046 0.575923 0.519971 0.574324 0.525887 0.567751 0.513554
3 16 -1.454 -11.981 7.569 -1.690 -11.344 8.086 -2.053 -11.362 8.046 0.574324 0.525887 0.565791 0.518255 0.567751 0.513554
3 16 -2.053 -11.362 8.046 -1.690 -11.344 8.086 -1.977 -10.145 8.120 0.567751 0.513554 0.565791 0.518255 0.550086 0.511200
3 16 -1.690 -11.344 8.086 -1.643 -10.145 8.216 -1.977 -10.145 8.120 0.565791 0.518255 0.549870 0.515995 0.550086 0.511200
3 16 -4.063 0.000 6.567 -2.103 0.000 7.379 -3.059 0.000 5.037 0.805935 0.754602 0.833535 0.743170 0.820076 0.776158
3 16 -2.103 0.000 7.379 0.000 0.000 5.927 -3.059 0.000 5.037 0.833535 0.743170 0.863154 0.763613 0.820076 0.776158
3 16 -2.103 0.000 7.379 0.000 0.000 7.656 0.000 0.000 5.927 0.833535 0.743170 0.863154 0.739270 0.863154 0.763613
3 16 -4.063 0.000 -7.506 -3.080 0.000 -5.954 -2.103 0.000 -8.318 0.805936 0.952814 0.819773 0.930954 0.833536 0.964246
3 16 -3.080 0.000 -5.954 0.000 0.000 -6.866 -2.103 0.000 -8.318 0.819773 0.930954 0.863155 0.943802 0.833536 0.964246
3 16 0.000 0.000 -6.866 0.000 0.000 -8.594 -2.103 0.000 -8.318 0.863155 0.943802 0.863155 0.968145 0.833536 0.964246
3 16 -3.080 0.000 -5.954 -5.745 0.000 -6.215 -5.484 0.000 -3.549 0.819773 0.930954 0.782235 0.934628 0.785909 0.897089
3 16 -5.745 0.000 -6.215 -7.036 0.000 -4.532 -5.484 0.000 -3.549 0.782235 0.934628 0.764049 0.910927 0.785909 0.897089
3 16 -7.036 0.000 -4.532 -7.848 0.000 -2.572 -5.484 0.000 -3.549 0.764049 0.910927 0.752616 0.883327 0.785909 0.897089
3 16 -7.848 0.000 -2.572 -6.397 0.000 -0.469 -5.484 0.000 -3.549 0.752616 0.883327 0.773060 0.853708 0.785909 0.897089
3 16 -8.125 0.000 -0.469 -6.397 0.000 -0.469 -7.848 0.000 -2.572 0.748717 0.853708 0.773060 0.853708 0.752616 0.883327
3 16 -7.036 0.000 3.593 -5.506 0.000 2.589 -7.848 0.000 1.634 0.764048 0.796489 0.785604 0.810630 0.752616 0.824089
3 16 -5.506 0.000 2.589 -6.397 0.000 -0.469 -7.848 0.000 1.634 0.785604 0.810630 0.773060 0.853708 0.752616 0.824089
3 16 -6.397 0.000 -0.469 -8.125 0.000 -0.469 -7.848 0.000 1.634 0.773060 0.853708 0.748717 0.853708 0.752616 0.824089
3 16 -5.745 0.000 5.276 -4.063 0.000 6.567 -3.059 0.000 5.037 0.782235 0.772788 0.805935 0.754602 0.820076 0.776158
3 16 -3.059 0.000 5.037 0.000 0.000 5.927 -3.059 -9.750 5.037 0.515252 0.857513 0.560119 0.857517 0.515245 0.994836
3 16 0.000 0.000 5.927 0.000 -9.750 5.927 -3.059 -9.750 5.037 0.560119 0.857517 0.560113 0.994839 0.515245 0.994836
3 16 -5.506 0.000 2.589 -3.059 0.000 5.037 -5.506 -9.750 2.589 0.466501 0.857510 0.515252 0.857513 0.466495 0.994833
3 16 -3.059 0.000 5.037 -3.059 -9.750 5.037 -5.506 -9.750 2.589 0.515252 0.857513 0.515245 0.994836 0.466495 0.994833
3 16 -5.506 -9.750 2.589 -6.397 -9.750 -0.469 -5.506 0.000 2.589 0.466495 0.994833 0.421629 0.994830 0.466501 0.857510
3 16 -6.397 -9.750 -0.469 -6.397 0.000 -0.469 -5.506 0.000 2.589 0.421629 0.994830 0.421634 0.857508 0.466501 0.857510
3 16 -6.397 -9.750 -0.469 -5.484 -9.750 -3.549 -6.397 0.000 -0.469 0.421629 0.994830 0.376385 0.994830 0.421634 0.857508
3 16 -5.484 -9.750 -3.549 -5.484 0.000 -3.549 -6.397 0.000 -0.469 0.376385 0.994830 0.376390 0.857506 0.421634 0.857508
3 16 -3.080 0.000 -5.954 -5.484 0.000 -3.549 -3.080 -9.750 -5.954 0.328497 0.857506 0.376390 0.857506 0.328494 0.994829
3 16 -5.484 0.000 -3.549 -5.484 -9.750 -3.549 -3.080 -9.750 -5.954 0.376390 0.857506 0.376385 0.994830 0.328494 0.994829
3 16 -3.080 -9.750 -5.954 0.000 -9.750 -6.866 -3.080 0.000 -5.954 0.328494 0.994829 0.283249 0.994829 0.328497 0.857506
3 16 0.000 -9.750 -6.866 0.000 0.000 -6.866 -3.080 0.000 -5.954 0.283249 0.994829 0.283253 0.857506 0.328497 0.857506
3 16 -3.059 -9.750 5.037 0.000 -9.750 5.927 -1.975 -9.750 3.087 0.197343 0.664755 0.184799 0.621677 0.224807 0.649499
3 16 0.000 -9.750 5.927 0.000 -9.750 3.662 -1.975 -9.750 3.087 0.184799 0.621677 0.216705 0.621677 0.224807 0.649499
3 16 -1.975 -9.750 3.087 -3.556 -9.750 1.506 -3.059 -9.750 5.037 0.224807 0.649499 0.247071 0.671763 0.197343 0.664755
3 16 -3.556 -9.750 1.506 -5.506 -9.750 2.589 -3.059 -9.750 5.037 0.247071 0.671763 0.231815 0.699227 0.197343 0.664755
3 16 -3.556 -9.750 1.506 -4.131 -9.750 -0.469 -5.506 -9.750 2.589 0.247071 0.671763 0.274892 0.679866 0.231815 0.699227
3 16 -4.131 -9.750 -0.469 -6.397 -9.750 -0.469 -5.506 -9.750 2.589 0.274892 0.679866 0.274892 0.711772 0.231815 0.699227
3 16 -4.131 -9.750 -0.469 -3.542 -9.750 -2.459 -6.397 -9.750 -0.469 0.274892 0.679866 0.302911 0.671567 0.274892 0.711772
3 16 -3.542 -9.750 -2.459 -5.484 -9.750 -3.549 -6.397 -9.750 -0.469 0.302911 0.671567 0.318274 0.698924 0.274892 0.711772
3 16 -3.542 -9.750 -2.459 -1.989 -9.750 -4.012 -5.484 -9.750 -3.549 0.302911 0.671567 0.324783 0.649696 0.318274 0.698924
3 16 -1.989 -9.750 -4.012 -3.080 -9.750 -5.954 -5.484 -9.750 -3.549 0.324783 0.649696 0.352139 0.665059 0.318274 0.698924
3 16 -1.989 -9.750 -4.012 0.000 -9.750 -4.601 -3.080 -9.750 -5.954 0.324783 0.649696 0.333081 0.621677 0.352139 0.665059
3 16 0.000 -9.750 -4.601 0.000 -9.750 -6.866 -3.080 -9.750 -5.954 0.333081 0.621677 0.364987 0.621677 0.352139 0.665059
3 16 -1.975 -5.325 3.087 -1.975 -9.750 3.087 0.000 -5.325 3.662 0.989403 0.035960 0.927081 0.035960 0.989403 0.006982
3 16 -1.975 -9.750 3.087 0.000 -9.750 3.662 0.000 -5.325 3.662 0.927081 0.035960 0.927081 0.006982 0.989403 0.006982
3 16 -1.975 -5.325 3.087 -3.556 -5.325 1.506 -1.975 -9.750 3.087 0.989403 0.035960 0.989404 0.067446 0.927081 0.035960
3 16 -3.556 -5.325 1.506 -3.556 -9.750 1.506 -1.975 -9.750 3.087 0.989404 0.067446 0.927082 0.067446 0.927081 0.035960
3 16 -3.556 -5.325 1.506 -4.131 -5.325 -0.469 -3.556 -9.750 1.506 0.989404 0.067446 0.989404 0.096424 0.927082 0.067446
3 16 -4.131 -5.325 -0.469 -4.131 -9.750 -0.469 -3.556 -9.750 1.506 0.989404 0.096424 0.927082 0.096424 0.927082 0.067446
3 16 -4.131 -5.325 -0.469 -3.542 -5.325 -2.459 -4.131 -9.750 -0.469 0.989404 0.096424 0.989404 0.125645 0.927082 0.096424
3 16 -3.542 -5.325 -2.459 -3.542 -9.750 -2.459 -4.131 -9.750 -0.469 0.989404 0.125645 0.927082 0.125645 0.927082 0.096424
3 16 -3.542 -5.325 -2.459 -1.989 -5.325 -4.012 -3.542 -9.750 -2.459 0.989404 0.125645 0.989404 0.156577 0.927082 0.125645
3 16 -1.989 -5.325 -4.012 -1.989 -9.750 -4.012 -3.542 -9.750 -2.459 0.989404 0.156577 0.927082 0.156576 0.927082 0.125645
3 16 -1.989 -5.325 -4.012 0.000 -5.325 -4.601 -1.989 -9.750 -4.012 0.989404 0.156577 0.989404 0.185798 0.927082 0.156576
3 16 0.000 -5.325 -4.601 0.000 -9.750 -4.601 -1.989 -9.750 -4.012 0.989404 0.185798 0.927082 0.185798 0.927082 0.156576
3 16 -0.734 -5.325 1.377 -1.975 -5.325 3.087 0.000 -5.325 1.498 0.838925 0.863377 0.814849 0.880861 0.837220 0.853039
3 16 -1.975 -5.325 3.087 0.000 -5.325 3.662 0.000 -5.325 1.498 0.814849 0.880861 0.806747 0.853038 0.837220 0.853039
3 16 -0.734 -5.325 1.377 -1.847 -5.325 0.265 -1.975 -5.325 3.087 0.838925 0.863377 0.854596 0.879048 0.814849 0.880861
3 16 -1.847 -5.325 0.265 -3.556 -5.325 1.506 -1.975 -5.325 3.087 0.854596 0.879048 0.837112 0.903125 0.814849 0.880861
3 16 -1.847 -5.325 0.265 -1.968 -5.325 -0.469 -3.556 -5.325 1.506 0.854596 0.879048 0.864935 0.880754 0.837112 0.903125
3 16 -1.968 -5.325 -0.469 -4.131 -5.325 -0.469 -3.556 -5.325 1.506 0.864935 0.880754 0.864934 0.911227 0.837112 0.903125
3 16 -1.968 -5.325 -0.469 -1.831 -5.325 -1.219 -4.131 -5.325 -0.469 0.864935 0.880754 0.875498 0.878823 0.864934 0.911227
3 16 -1.831 -5.325 -1.219 -3.542 -5.325 -2.459 -4.131 -5.325 -0.469 0.875498 0.878823 0.892952 0.902929 0.864934 0.911227
3 16 -1.831 -5.325 -1.219 -0.750 -5.325 -2.300 -3.542 -5.325 -2.459 0.875498 0.878823 0.890719 0.863603 0.892952 0.902929
3 16 -0.750 -5.325 -2.300 -1.989 -5.325 -4.012 -3.542 -5.325 -2.459 0.890719 0.863603 0.914824 0.881058 0.892952 0.902929
3 16 -0.750 -5.325 -2.300 0.000 -5.325 -2.437 -1.989 -5.325 -4.012 0.890719 0.863603 0.892649 0.853039 0.914824 0.881058
3 16 0.000 -5.325 -2.437 0.000 -5.325 -4.601 -1.989 -5.325 -4.012 0.892649 0.853039 0.923123 0.853040 0.914824 0.881058
3 16 -0.734 -10.500 1.377 -0.734 -5.325 1.377 0.000 -10.500 1.498 0.654083 0.980145 0.654085 0.907257 0.664562 0.980146
3 16 -0.734 -5.325 1.377 0.000 -5.325 1.498 0.000 -10.500 1.498 0.654085 0.907257 0.664563 0.907258 0.664562 0.980146
3 16 -0.734 -10.500 1.377 -1.847 -10.500 0.265 -0.734 -5.325 1.377 0.654083 0.980145 0.631921 0.980143 0.654085 0.907257
3 16 -1.847 -10.500 0.265 -1.847 -5.325 0.265 -0.734 -5.325 1.377 0.631921 0.980143 0.631923 0.907255 0.654085 0.907257
3 16 -1.847 -10.500 0.265 -1.968 -10.500 -0.469 -1.847 -5.325 0.265 0.631921 0.980143 0.621443 0.980142 0.631923 0.907255
3 16 -1.968 -10.500 -0.469 -1.968 -5.325 -0.469 -1.847 -5.325 0.265 0.621443 0.980142 0.621445 0.907255 0.631923 0.907255
3 16 -1.968 -10.500 -0.469 -1.831 -10.500 -1.219 -1.968 -5.325 -0.469 0.621443 0.980142 0.610704 0.980142 0.621445 0.907255
3 16 -1.831 -10.500 -1.219 -1.831 -5.325 -1.219 -1.968 -5.325 -0.469 0.610704 0.980142 0.610706 0.907254 0.621445 0.907255
3 16 -1.831 -10.500 -1.219 -0.750 -10.500 -2.300 -1.831 -5.325 -1.219 0.610704 0.980142 0.589179 0.980142 0.610706 0.907254
3 16 -0.750 -10.500 -2.300 -0.750 -5.325 -2.300 -1.831 -5.325 -1.219 0.589179 0.980142 0.589181 0.907254 0.610706 0.907254
3 16 -0.750 -10.500 -2.300 0.000 -10.500 -2.437 -0.750 -5.325 -2.300 0.589179 0.980142 0.578440 0.980142 0.589181 0.907254
3 16 0.000 -10.500 -2.437 0.000 -5.325 -2.437 -0.750 -5.325 -2.300 0.578440 0.980142 0.578442 0.907255 0.589181 0.907254
3 16 -3.059 0.000 5.037 -5.506 0.000 2.589 -5.745 0.000 5.276 0.820076 0.776158 0.785604 0.810630 0.782235 0.772788
3 16 -5.506 0.000 2.589 -7.036 0.000 3.593 -5.745 0.000 5.276 0.785604 0.810630 0.764048 0.796489 0.782235 0.772788
3 16 -3.080 0.000 -5.954 -4.063 0.000 -7.506 -5.745 0.000 -6.215 0.819773 0.930954 0.805936 0.952814 0.782235 0.934628
3 16 -2.103 -8.716 -8.318 -2.103 0.000 -8.318 -1.428 -8.824 -8.475 0.790142 0.696370 0.912907 0.696611 0.788538 0.706107
3 16 -2.103 0.000 -8.318 0.000 0.000 -8.594 -1.428 -8.824 -8.475 0.912907 0.696611 0.912851 0.726486 0.788538 0.706107
3 16 -4.063 -8.195 6.567 -2.533 -8.460 7.222 -4.063 0.000 6.567 0.797950 0.427560 0.794240 0.404123 0.913369 0.427731
3 16 -2.533 -8.460 7.222 -2.103 0.000 7.379 -4.063 0.000 6.567 0.794240 0.404123 0.913412 0.397857 0.913369 0.427731
3 16 -2.103 0.000 7.379 -1.909 -8.796 7.412 -1.019 -8.773 7.533 0.913412 0.397857 0.789527 0.394928 0.789869 0.382281
3 16 -2.533 -8.460 7.222 -1.909 -8.796 7.412 -2.103 0.000 7.379 0.794240 0.404123 0.789527 0.394928 0.913412 0.397857
3 16 -5.745 0.000 -6.215 -4.063 0.000 -7.506 -5.745 -8.195 -6.215 0.913026 0.636862 0.912966 0.666737 0.797607 0.636656
3 16 -4.063 0.000 -7.506 -4.063 -8.430 -7.506 -5.745 -8.195 -6.215 0.912966 0.666737 0.794233 0.666522 0.797607 0.636656
3 16 -7.036 0.000 -4.532 -5.745 0.000 -6.215 -7.036 -8.195 -4.532 0.913084 0.606986 0.913026 0.636862 0.797664 0.606784
3 16 -5.745 0.000 -6.215 -5.745 -8.195 -6.215 -7.036 -8.195 -4.532 0.913026 0.636862 0.797607 0.636656 0.797664 0.606784
3 16 -7.848 0.000 -2.572 -7.036 0.000 -4.532 -7.848 -8.195 -2.572 0.913140 0.577110 0.913084 0.606986 0.797719 0.576912
3 16 -7.036 0.000 -4.532 -7.036 -8.195 -4.532 -7.848 -8.195 -2.572 0.913084 0.606986 0.797664 0.606784 0.797719 0.576912
3 16 -8.125 0.000 -0.469 -7.848 0.000 -2.572 -8.125 -8.195 -0.469 0.913191 0.547234 0.913140 0.577110 0.797770 0.547042
3 16 -7.848 0.000 -2.572 -7.848 -8.195 -2.572 -8.125 -8.195 -0.469 0.913140 0.577110 0.797719 0.576912 0.797770 0.547042
3 16 -7.848 0.000 1.634 -8.125 0.000 -0.469 -7.848 -8.195 1.634 0.913239 0.517357 0.913191 0.547234 0.797818 0.517171
3 16 -8.125 0.000 -0.469 -8.125 -8.195 -0.469 -7.848 -8.195 1.634 0.913191 0.547234 0.797770 0.547042 0.797818 0.517171
3 16 -7.036 0.000 3.593 -7.848 0.000 1.634 -7.036 -8.195 3.593 0.913284 0.487482 0.913239 0.517357 0.797864 0.487301
3 16 -7.848 0.000 1.634 -7.848 -8.195 1.634 -7.036 -8.195 3.593 0.913239 0.517357 0.797818 0.517171 0.797864 0.487301
3 16 -5.745 0.000 5.276 -7.036 0.000 3.593 -5.745 -8.195 5.276 0.913328 0.457606 0.913284 0.487482 0.797907 0.457430
3 16 -7.036 0.000 3.593 -7.036 -8.195 3.593 -5.745 -8.195 5.276 0.913284 0.487482 0.797864 0.487301 0.797907 0.457430
3 16 -5.745 0.000 5.276 -5.745 -8.195 5.276 -4.063 0.000 6.567 0.913328 0.457606 0.797907 0.457430 0.913369 0.427731
3 16 -5.745 -8.195 5.276 -4.063 -8.195 6.567 -4.063 0.000 6.567 0.797907 0.457430 0.797950 0.427560 0.913369 0.427731
3 16 -1.006 -9.024 7.842 0.000 -8.816 7.999 -1.019 -8.773 7.533 0.313522 0.043544 0.297567 0.041303 0.314928 0.039562
3 16 0.000 -8.816 7.999 0.000 -8.534 7.668 -1.019 -8.773 7.533 0.297567 0.041303 0.298311 0.036221 0.314928 0.039562
3 16 -1.006 -9.024 7.842 -1.019 -8.773 7.533 -1.420 -9.000 7.482 0.313522 0.043544 0.314928 0.039562 0.321103 0.042408
3 16 -1.977 -10.145 8.120 -1.643 -10.145 8.216 -1.682 -8.942 7.437 0.550086 0.511200 0.549870 0.515995 0.530304 0.515460
3 16 -1.643 -10.145 8.216 -1.420 -9.000 7.482 -1.682 -8.942 7.437 0.549870 0.515995 0.531266 0.519161 0.530304 0.515460
3 16 -1.977 -10.145 8.120 -1.682 -8.942 7.437 -2.335 -10.101 8.228 0.550086 0.511200 0.530304 0.515460 0.550375 0.505792
3 16 -1.682 -8.942 7.437 -1.909 -8.796 7.412 -2.335 -10.101 8.228 0.530304 0.515460 0.528329 0.512210 0.550375 0.505792
3 16 -2.698 -10.104 8.526 -2.335 -10.101 8.228 -1.909 -8.796 7.412 0.551753 0.499238 0.550375 0.505792 0.528329 0.512210
3 16 -1.019 -8.773 7.533 0.000 -8.534 7.668 -2.103 0.000 7.379 0.789869 0.382281 0.793241 0.367813 0.913412 0.397857
3 16 0.000 -8.534 7.668 0.000 0.000 7.656 -2.103 0.000 7.379 0.793241 0.367813 0.913453 0.367983 0.913412 0.397857
3 16 -1.173 -9.047 -8.496 -1.428 -8.824 -8.475 -0.854 -9.146 -8.511 0.785414 0.709722 0.788538 0.706107 0.784039 0.714219
3 16 -1.428 -8.824 -8.475 0.000 -8.879 -8.589 -0.854 -9.146 -8.511 0.788538 0.706107 0.787808 0.726292 0.784039 0.714219
3 16 -7.527 -8.264 11.761 -5.745 -8.195 5.276 -11.575 -8.722 1.879 0.369054 0.792964 0.344587 0.701479 0.427392 0.654142
3 16 -5.745 -8.195 5.276 -7.036 -8.195 3.593 -11.575 -8.722 1.879 0.344587 0.701479 0.362874 0.677895 0.427392 0.654142
3 16 -3.946 -8.403 -12.166 -6.570 -8.240 -13.645 -10.465 -8.516 -7.401 0.320434 0.455745 0.357528 0.435141 0.412106 0.523332
3 16 0.000 -10.500 -0.469 -0.734 -10.500 1.377 0.000 -10.500 1.498 0.273678 0.619278 0.247675 0.629621 0.245968 0.619280
3 16 0.000 -10.500 -0.469 -1.847 -10.500 0.265 -0.734 -10.500 1.377 0.273678 0.619278 0.263349 0.645290 0.247675 0.629621
3 16 0.000 -10.500 -0.469 -1.968 -10.500 -0.469 -1.847 -10.500 0.265 0.273678 0.619278 0.273687 0.646994 0.263349 0.645290
3 16 0.000 -10.500 -0.469 -1.831 -10.500 -1.219 -1.968 -10.500 -0.469 0.273678 0.619278 0.284251 0.645062 0.273687 0.646994
3 16 0.000 -10.500 -0.469 -0.750 -10.500 -2.300 -1.831 -10.500 -1.219 0.273678 0.619278 0.299470 0.629839 0.284251 0.645062
3 16 0.000 -10.500 -0.469 0.000 -10.500 -2.437 -0.750 -10.500 -2.300 0.273678 0.619278 0.301399 0.619277 0.299470 0.629839
2 24 6.570 -12.214 -13.645 3.946 -12.256 -12.166
2 24 -1.317 -12.362 -8.098 -1.584 -12.331 -9.233
2 24 0.000 -5.325 3.662 -1.975 -5.325 3.087
2 24 -1.975 -5.325 3.087 -3.556 -5.325 1.506
2 24 3.946 -8.403 -12.166 1.737 -8.846 -9.336
2 24 1.968 -10.500 -0.469 1.847 -10.500 0.265
2 24 -15.809 -9.846 -0.276 -17.319 -10.409 1.840
2 24 -13.780 -9.201 -13.255 -16.064 -10.013 -10.538
2 24 0.000 0.000 7.656 -2.103 0.000 7.379
2 24 -7.036 0.000 3.593 -7.848 0.000 1.634
2 24 0.000 -10.500 -2.437 -0.750 -10.500 -2.300
2 24 0.854 -9.146 -8.511 0.000 -8.879 -8.589
2 24 8.125 -8.195 -0.469 7.848 -8.195 1.634
2 24 1.968 -5.325 -0.469 1.831 -5.325 -1.219
2 24 -0.854 -9.146 -8.511 -1.737 -8.846 -9.336
2 24 15.809 -13.904 -0.276 13.608 -13.168 -1.304
2 24 5.506 0.000 2.589 3.059 0.000 5.037
2 24 6.397 -9.750 -0.469 5.484 -9.750 -3.549
2 24 -13.608 -9.110 -1.304 -15.809 -9.846 -0.276
2 24 -3.946 -12.256 -12.166 -6.570 -12.214 -13.645
2 24 -3.080 0.000 -5.954 -5.484 0.000 -3.549
2 24 13.229 -13.070 -2.249 13.166 -13.051 -1.719
2 24 5.745 0.000 5.276 4.063 0.000 6.567
2 24 3.080 -9.750 -5.954 0.000 -9.750 -6.866
2 24 -1.737 -8.846 -9.336 -3.946 -8.403 -12.166
2 24 -0.854 -9.146 -8.511 -1.145 -9.569 -9.307
2 24 -1.173 -9.047 -8.496 -1.428 -8.824 -8.475
2 24 -5.745 0.000 -6.215 -7.036 0.000 -4.532
2 24 19.263 -15.571 10.095 18.719 -15.217 7.055
2 24 2.103 0.000 -8.318 0.000 0.000 -8.594
2 24 4.063 -8.430 -7.506 2.103 -8.716 -8.318
2 24 19.263 -15.571 10.095 19.233 -15.535 12.171
2 24 8.125 -8.195 -0.469 7.848 -8.195 -2.572
2 24 -6.570 -12.214 -13.645 -10.222 -12.501 -14.299
2 24 -3.946 -8.403 -12.166 -6.570 -8.240 -13.645
2 24 15.809 -9.846 -0.276 13.608 -9.110 -1.304
2 24 14.992 -9.479 -4.285 13.229 -9.011 -2.249
2 24 1.268 -11.596 -9.236 0.947 -12.057 -8.035
2 24 19.233 -15.535 12.171 18.670 -15.230 13.489
2 24 2.533 -8.460 7.222 1.909 -8.796 7.412
2 24 1.975 -5.325 3.087 0.000 -5.325 3.662
2 24 0.750 -10.500 -2.300 0.000 -10.500 -2.437
2 24 -4.063 -8.430 -7.506 -5.745 -8.195 -6.215
2 24 -13.166 -13.051 -1.719 -13.608 -13.168 -1.304
2 24 -3.542 -5.325 -2.459 -4.131 -5.325 -0.469
2 24 16.272 -14.135 -7.422 16.064 -14.071 -10.538
2 24 -10.222 -8.442 -14.299 -13.780 -9.201 -13.255
2 24 16.272 -10.077 -7.422 16.064 -10.013 -10.538
2 24 18.719 -15.217 7.055 18.087 -14.839 4.404
2 24 18.087 -14.839 4.404 17.319 -14.468 1.840
2 24 5.484 0.000 -3.549 3.080 0.000 -5.954
2 24 13.229 -9.011 -2.249 13.166 -8.993 -1.719
2 24 1.173 -9.047 -8.496 0.854 -9.146 -8.511
2 24 2.103 -8.716 -8.318 1.428 -8.824 -8.475
2 24 -10.222 -12.501 -14.299 -13.780 -13.259 -13.255
2 24 6.570 -8.240 -13.645 3.946 -8.403 -12.166
2 24 -13.166 -8.993 -1.719 -13.608 -9.110 -1.304
2 24 1.968 -5.325 -0.469 1.847 -5.325 0.265
2 24 -2.204 -12.285 -10.351 -3.946 -12.256 -12.166
2 24 0.000 -5.325 -2.437 -0.750 -5.325 -2.300
2 24 13.608 -9.110 -1.304 13.166 -8.993 -1.719
2 24 13.780 -13.259 -13.255 10.222 -12.501 -14.299
2 24 3.080 0.000 -5.954 0.000 0.000 -6.866
2 24 17.319 -14.468 1.840 15.809 -13.904 -0.276
2 24 1.737 -8.846 -9.336 0.854 -9.146 -8.511
2 24 1.968 -10.500 -0.469 1.831 -10.500 -1.219
2 24 1.831 -10.500 -1.219 0.750 -10.500 -2.300
2 24 -0.947 -12.057 -8.035 -1.268 -11.596 -9.236
2 24 -0.734 -5.325 1.377 -1.847 -5.325 0.265
2 24 6.397 -9.750 -0.469 5.506 -9.750 2.589
2 24 -5.506 0.000 2.589 -6.397 0.000 -0.469
2 24 0.000 -9.750 -6.866 -3.080 -9.750 -5.954
2 24 -6.570 -8.240 -13.645 -10.222 -8.442 -14.299
2 24 14.025 -9.322 14.178 10.504 -8.545 13.124
2 24 -1.909 -8.796 7.412 -2.533 -8.460 7.222
2 24 -5.745 -8.195 5.276 -7.036 -8.195 3.593
2 24 1.145 -9.569 -9.307 0.854 -9.146 -8.511
2 24 16.272 -14.135 -7.422 14.992 -13.538 -4.285
2 24 4.131 -9.750 -0.469 3.556 -9.750 1.506
2 24 0.000 0.000 5.927 -3.059 0.000 5.037
2 24 -3.059 0.000 5.037 -5.506 0.000 2.589
2 24 0.000 -9.750 -4.601 -1.989 -9.750 -4.012
2 24 0.000 -5.325 1.498 -0.734 -5.325 1.377
2 24 1.110 -12.373 -6.111 0.947 -12.057 -8.035
2 24 2.103 0.000 7.379 0.000 0.000 7.656
2 24 0.734 -5.325 1.377 0.000 -5.325 1.498
2 24 7.036 -8.195 3.593 5.745 -8.195 5.276
2 24 -1.584 -12.331 -9.233 -2.204 -12.285 -10.351
2 24 -7.848 0.000 -2.572 -8.125 0.000 -0.469
2 24 -7.848 0.000 1.634 -8.125 0.000 -0.469
2 24 -1.831 -5.325 -1.219 -1.968 -5.325 -0.469
2 24 10.504 -8.545 13.124 7.527 -8.264 11.761
2 24 1.420 -9.000 7.482 1.019 -8.773 7.533
2 24 1.019 -8.773 7.533 0.000 -8.534 7.668
2 24 -3.059 -9.750 5.037 -5.506 -9.750 2.589
2 24 7.527 -8.264 11.761 4.444 -8.387 9.850
2 24 18.670 -11.172 13.489 17.281 -10.463 14.299
2 24 1.865 -11.933 7.676 1.724 -12.124 7.311
2 24 -7.036 -8.195 3.593 -7.848 -8.195 1.634
2 24 0.000 -9.750 5.927 -3.059 -9.750 5.037
2 24 -14.025 -9.322 14.178 -17.281 -10.463 14.299
2 24 0.000 -8.534 7.668 -1.019 -8.773 7.533
2 24 2.560 -12.268 8.266 2.168 -12.280 7.733
2 24 -7.848 -8.195 1.634 -8.125 -8.195 -0.469
2 24 -7.848 -8.195 -2.572 -8.125 -8.195 -0.469
2 24 -5.506 -9.750 2.589 -6.397 -9.750 -0.469
2 24 19.233 -11.477 12.171 18.670 -11.172 13.489
2 24 10.222 -12.501 -14.299 6.570 -12.214 -13.645
2 24 3.542 -9.750 -2.459 1.989 -9.750 -4.012
2 24 4.131 -5.325 -0.469 3.556 -5.325 1.506
2 24 4.131 -9.750 -0.469 3.542 -9.750 -2.459
2 24 0.750 -5.325 -2.300 0.000 -5.325 -2.437
2 24 -0.854 -9.146 -8.511 -1.173 -9.047 -8.496
2 24 0.000 -5.325 -4.601 -1.989 -5.325 -4.012
2 24 19.263 -11.512 10.095 19.233 -11.477 12.171
2 24 8.125 0.000 -0.469 7.848 0.000 1.634
2 24 0.000 0.000 -8.594 -2.103 0.000 -8.318
2 24 1.428 -8.824 -8.475 1.173 -9.047 -8.496
2 24 1.831 -5.325 -1.219 0.750 -5.325 -2.300
2 24 5.745 -8.195 5.276 4.063 -8.195 6.567
2 24 5.506 -9.750 2.589 3.059 -9.750 5.037
2 24 3.556 -9.750 1.506 1.975 -9.750 3.087
2 24 -5.745 -8.195 -6.215 -7.036 -8.195 -4.532
2 24 -2.103 0.000 7.379 -4.063 0.000 6.567
2 24 -4.063 0.000 6.567 -5.745 0.000 5.276
2 24 -3.080 -9.750 -5.954 -5.484 -9.750 -3.549
2 24 -1.989 -9.750 -4.012 -3.542 -9.750 -2.459
2 24 -5.745 0.000 5.276 -7.036 0.000 3.593
2 24 19.263 -11.512 10.095 18.719 -11.158 7.055
2 24 13.780 -9.201 -13.255 10.222 -8.442 -14.299
2 24 -3.556 -5.325 1.506 -4.131 -5.325 -0.469
2 24 18.719 -11.158 7.055 18.087 -10.780 4.404
2 24 18.087 -10.780 4.404 17.319 -10.409 1.840
2 24 -4.444 -8.387 9.850 -7.527 -8.264 11.761
2 24 -15.809 -13.904 -0.276 -17.319 -14.468 1.840
2 24 -13.780 -13.259 -13.255 -16.064 -14.071 -10.538
2 24 -13.166 -8.993 -1.719 -13.166 -13.051 -1.719
2 24 -1.909 -8.796 7.412 -4.444 -8.387 9.850
2 24 4.063 -8.195 6.567 2.533 -8.460 7.222
2 24 1.847 -10.500 0.265 0.734 -10.500 1.377
2 24 -10.504 -8.545 13.124 -14.025 -9.322 14.178
2 24 -1.847 -10.500 0.265 -1.968 -10.500 -0.469
2 24 -0.750 -10.500 -2.300 -1.831 -10.500 -1.219
2 24 4.063 0.000 6.567 2.103 0.000 7.379
2 24 3.059 0.000 5.037 0.000 0.000 5.927
2 24 1.989 -9.750 -4.012 0.000 -9.750 -4.601
2 24 -7.036 0.000 -4.532 -7.848 0.000 -2.572
2 24 -5.484 0.000 -3.549 -6.397 0.000 -0.469
2 24 17.319 -10.409 1.840 15.809 -9.846 -0.276
2 24 7.848 0.000 -2.572 7.036 0.000 -4.532
2 24 5.745 0.000 -6.215 4.063 0.000 -7.506
2 24 7.036 0.000 -4.532 5.745 0.000 -6.215
2 24 16.272 -10.077 -7.422 14.992 -9.479 -4.285
2 24 -13.608 -13.168 -1.304 -15.809 -13.904 -0.276
2 24 17.281 -10.463 14.299 14.025 -9.322 14.178
2 24 -2.533 -8.460 7.222 -4.063 -8.195 6.567
2 24 10.222 -8.442 -14.299 6.570 -8.240 -13.645
2 24 4.131 -5.325 -0.469 3.542 -5.325 -2.459
2 24 3.542 -5.325 -2.459 1.989 -5.325 -4.012
2 24 7.036 0.000 3.593 5.745 0.000 5.276
2 24 0.000 -8.879 -8.589 -0.854 -9.146 -8.511
2 24 -4.063 0.000 -7.506 -5.745 0.000 -6.215
2 24 5.745 -8.195 -6.215 4.063 -8.430 -7.506
2 24 13.608 -13.168 -1.304 13.166 -13.051 -1.719
2 24 7.848 -8.195 -2.572 7.036 -8.195 -4.532
2 24 7.848 0.000 1.634 7.036 0.000 3.593
2 24 6.397 0.000 -0.469 5.506 0.000 2.589
2 24 -2.103 0.000 -8.318 -4.063 0.000 -7.506
2 24 0.000 0.000 -6.866 -3.080 0.000 -5.954
2 24 16.064 -10.013 -10.538 13.780 -9.201 -13.255
2 24 6.397 0.000 -0.469 5.484 0.000 -3.549
2 24 7.036 -8.195 -4.532 5.745 -8.195 -6.215
2 24 3.556 -5.325 1.506 1.975 -5.325 3.087
2 24 1.847 -5.325 0.265 0.734 -5.325 1.377
2 24 -2.103 -8.716 -8.318 -4.063 -8.430 -7.506
2 24 -1.989 -5.325 -4.012 -3.542 -5.325 -2.459
2 24 -1.847 -5.325 0.265 -1.968 -5.325 -0.469
2 24 -0.750 -5.325 -2.300 -1.831 -5.325 -1.219
2 24 3.059 -9.750 5.037 0.000 -9.750 5.927
2 24 -10.504 -12.604 13.124 -14.025 -13.380 14.178
2 24 -7.527 -12.322 11.761 -10.504 -12.604 13.124
2 24 -2.560 -12.268 8.266 -4.444 -12.182 9.850
2 24 -5.484 -9.750 -3.549 -6.397 -9.750 -0.469
2 24 0.000 -9.750 3.662 -1.975 -9.750 3.087
2 24 -1.975 -9.750 3.087 -3.556 -9.750 1.506
2 24 0.734 -10.500 1.377 0.000 -10.500 1.498
2 24 -2.168 -12.280 7.733 -2.560 -12.268 8.266
2 24 -0.947 -12.057 -8.035 -1.110 -12.373 -6.111
2 24 -0.734 -10.500 1.377 -1.847 -10.500 0.265
2 24 -1.831 -10.500 -1.219 -1.968 -10.500 -0.469
2 24 0.000 -13.138 -0.172 0.000 -13.204 2.087
2 24 14.992 -13.538 -4.285 13.229 -13.070 -2.249
2 24 3.946 -12.256 -12.166 2.204 -12.285 -10.351
2 24 -7.036 -8.195 -4.532 -7.848 -8.195 -2.572
2 24 -3.556 -9.750 1.506 -4.131 -9.750 -0.469
2 24 1.584 -12.331 -9.233 1.317 -12.362 -8.098
2 24 1.975 -9.750 3.087 0.000 -9.750 3.662
2 24 -1.019 -8.773 7.533 -1.420 -9.000 7.482
2 24 -3.542 -9.750 -2.459 -4.131 -9.750 -0.469
2 24 0.000 -10.500 1.498 -0.734 -10.500 1.377
2 24 4.444 -8.387 9.850 1.909 -8.796 7.412
2 24 2.204 -12.285 -10.351 1.584 -12.331 -9.233
2 24 -4.444 -12.182 9.850 -7.527 -12.322 11.761
2 24 -7.527 -8.264 11.761 -10.504 -8.545 13.124
2 24 5.484 -9.750 -3.549 3.080 -9.750 -5.954
2 24 1.989 -5.325 -4.012 0.000 -5.325 -4.601
2 24 14.025 -13.380 14.178 10.504 -12.604 13.124
2 24 18.670 -15.230 13.489 17.281 -14.522 14.299
2 24 -18.719 -11.158 7.055 -19.263 -11.512 10.095
2 24 -13.229 -13.070 -2.249 -14.992 -13.538 -4.285
2 24 -17.319 -14.468 1.840 -18.087 -14.839 4.404
2 24 10.504 -12.604 13.124 7.527 -12.322 11.761
2 24 -13.166 -8.993 -1.719 -13.229 -9.011 -2.249
2 24 7.527 -12.322 11.761 4.444 -12.182 9.850
2 24 -18.087 -10.780 4.404 -18.719 -11.158 7.055
2 24 -1.724 -12.124 7.311 -1.865 -11.933 7.676
2 24 17.281 -14.522 14.299 14.025 -13.380 14.178
2 24 16.064 -14.071 -10.538 13.780 -13.259 -13.255
2 24 7.848 -8.195 1.634 7.036 -8.195 3.593
2 24 -1.428 -8.824 -8.475 -2.103 -8.716 -8.318
2 24 4.063 0.000 -7.506 2.103 0.000 -8.318
2 24 8.125 0.000 -0.469 7.848 0.000 -2.572
2 24 13.166 -8.993 -1.719 13.166 -13.051 -1.719
2 24 4.444 -12.182 9.850 2.560 -12.268 8.266
2 24 -4.063 -8.195 6.567 -5.745 -8.195 5.276
2 24 -17.319 -10.409 1.840 -18.087 -10.780 4.404
2 24 -13.229 -9.011 -2.249 -14.992 -9.479 -4.285
2 24 -14.025 -13.380 14.178 -17.281 -14.522 14.299
2 24 -19.263 -11.512 10.095 -19.233 -11.477 12.171
2 24 -13.166 -13.051 -1.719 -13.229 -13.070 -2.249
2 24 -18.719 -15.217 7.055 -19.263 -15.571 10.095
2 24 -16.064 -14.071 -10.538 -16.272 -14.135 -7.422
2 24 -17.281 -10.463 14.299 -18.670 -11.172 13.489
2 24 -18.670 -11.172 13.489 -19.233 -11.477 12.171
2 24 -16.064 -10.013 -10.538 -16.272 -10.077 -7.422
2 24 -14.992 -9.479 -4.285 -16.272 -10.077 -7.422
2 24 -18.087 -14.839 4.404 -18.719 -15.217 7.055
2 24 -19.263 -15.571 10.095 -19.233 -15.535 12.171
2 24 -17.281 -14.522 14.299 -18.670 -15.230 13.489
2 24 -18.670 -15.230 13.489 -19.233 -15.535 12.171
2 24 -14.992 -13.538 -4.285 -16.272 -14.135 -7.422
