0 ~Slope Brick Curved  3 x  1 without Top Surface
0 Name: s\7302s01.dat
0 Author: Jeff Jones [notmaster]
0 !LDRAW_ORG Unofficial_Subpart
0 !LICENSE Licensed under CC BY 4.0 : see CAreadme.txt

0 BFC CERTIFY CCW

1 16 0 14 -60 10 0 0 0 0 -2 0 1 0 rect3.dat
4 16 6 16 -24 -6 16 -24 -10 16 -20 10 16 -20
4 16 6 16 -56 10 16 -60 -10 16 -60 -6 16 -56
4 16 6 16 -56 6 16 -24 10 16 -20 10 16 -60
4 16 -10 16 -60 -10 16 -20 -6 16 -24 -6 16 -56
1 16 0 12 -54 -6 0 0 0 -1 0 0 0 2 rect3.dat
1 16 0 6 -32 0 0 6 -2 -1 0 8 0 0 rect1.dat
4 16 6 8 -40 6 12 -52 -6 12 -52 -6 8 -40
1 16 0 10 -24 0 0 6 6 0 0 0 1 0 rect2p.dat
4 16 -6 16 -24 -6 4 -24 -6 8 -40 -6 16 -56
4 16 6 8 -40 6 4 -24 6 16 -24 6 16 -56
3 16 6 12 -52 6 8 -40 6 16 -56
3 16 -6 12 -52 -6 12 -56 -6 16 -56
3 16 -6 12 -52 -6 16 -56 -6 8 -40
3 16 6 12 -56 6 12 -52 6 16 -56
1 16 0 14 -56 0 0 6 -2 0 0 0 -1 0 rect.dat
1 16 0 16 -40 6 0 0 0 1 0 0 0 16 recte4.dat
2 24 -6 12 -52 -6 8 -40
2 24 -6 8 -40 -6 4 -24
2 24 6 12 -52 6 8 -40
2 24 6 8 -40 6 4 -24
1 16 0 16 -40 10 0 0 0 1 0 0 0 20 recte4.dat

1 16 -10 40.972 0 0 1 0 -28.9719 0 -28.9719 -60 0 60 48\1-8chrd.dat
1 16 10 40.972 0 0 -1 0 -28.9719 0 -28.9719 -60 0 60 48\1-8chrd.dat
1 16 -10 40.972 0 0 1 0 -28.9719 0 -28.9719 -60 0 60 48\1-8edge.dat
1 16 10 40.972 0 0 1 0 -28.9719 0 -28.9719 -60 0 60 48\1-8edge.dat
3 16 -10 8 -20 -10 12 -60 -10 0 0
3 16 -10 12 -60 -10 8 -20 -10 16 -20
3 16 -10 12 -60 -10 16 -20 -10 16 -60
3 16 10 8 -20 10 0 0 10 12 -60
3 16 10 8 -20 10 12 -60 10 16 -20
3 16 10 16 -20 10 12 -60 10 16 -60
1 16 0 4 0 -10 0 0 0 0 -4 0 -1 0 rect.dat
4 16 6 8 -4 -6 8 -4 -10 8 0 10 8 0
4 16 -6 8 -4 -6 8 -20 -10 8 -20 -10 8 0
4 16 10 8 0 10 8 -20 6 8 -20 6 8 -4
2 24 -10 8 0 -10 8 -20
2 24 10 8 0 10 8 -20
2 24 -10 8 -20 -6 8 -20
2 24 10 8 -20 6 8 -20
0 BFC INVERTNEXT
1 16 0 6 -7 -6 0 0 0 -2 0 0 0 3 box2-7.dat
1 16 0 8 -12 -6 0 0 0 -1 0 0 0 8 recte3.dat
4 16 -6 4 -10 -6 6 -16 -6 8 -4 -6 4 -4
4 16 -6 6 -20 -6 8 -20 -6 8 -4 -6 6 -16
4 16 6 8 -4 6 6 -16 6 4 -10 6 4 -4
4 16 6 6 -16 6 8 -4 6 8 -20 6 6 -20
0 BFC INVERTNEXT
1 16 0 4 -10 0 0 -6 0 2 0 6 0 0 1-4cyls2.dat
0 BFC INVERTNEXT
1 16 0 4 -10 0 0 6 0 2 0 6 0 0 1-4cyls2.dat
1 16 0 4 -10 -6 0 0 0 -1 0 0 0 -6 2-4edge.dat
1 16 0 4 -10 -6 0 0 0 -1 0 0 0 -6 2-4chrd.dat
1 16 0 4 -10 -6 0 0 0 -1 2 0 0 -6 2-4edge.dat
1 16 0 4 -10 -6 0 0 0 -1 2 0 0 -6 2-4ndis.dat
2 24 -6 4 -10 -6 6 -16
2 24 6 4 -10 6 6 -16
2 24 -1.5 6 -16 -6 6 -16
2 24 1.5 6 -16 6 6 -16
0 BFC INVERTNEXT
1 16 -3.75 7 -18 -2.25 0 0 0 -1 0 0 0 -2 box2-9.dat
1 16 0 6 -18 1.5 0 0 0 2 0 0 0 2 box4-1.dat
0 BFC INVERTNEXT
1 16 3.75 7 -18 2.25 0 0 0 -1 0 0 0 -2 box2-9.dat
1 16 0 12 -20 10 0 0 0 0 4 0 -1 0 recte3.dat
3 16 -10 8 -20 -6 8 -20 -10 16 -20
3 16 -10 16 -20 -6 8 -20 -1.5 8 -20
3 16 1.5 8 -20 6 8 -20 10 16 -20
4 16 -1.5 8 -20 1.5 8 -20 10 16 -20 -10 16 -20
3 16 10 16 -20 6 8 -20 10 8 -20
3 16 -10 0 0 -10 8 0 -10 8 -20
3 16 10 0 0 10 8 -20 10 8 0
1 16 0 9.3 -40 1 0 0 0 -1.675 0 0 0 1 stud3a.dat
1 16 0 8 -40 0 0 4 0 -1 0 -4 0 0 1-4cyls2.dat
1 16 0 8 -40 0 0 -4 0 -1 0 -4 0 0 1-4cyls2.dat
1 16 0 9.3 -40 0 0 -4 0 -1.3 0 -4 0 0 1-4cyls.dat
1 16 0 9.3 -40 0 0 4 0 -1.4 0 -4 0 0 1-4cyls.dat

1 16 0 8 -40 -4 0 0 0 -1 -1 0 0 4 2-4edge.dat
1 16 0 8 -40 -4 0 0 0 -1 1.3 0 0 -4 2-4edge.dat
1 16 0 8 -40 -4 0 0 0 1.3 0 0 0 4 2-4cyli.dat