0 Untitled Model
0 Name: Untitled Model
0 Author: 
0 BFC CERTIFY CCW
3 16 11.4449 -3.929 -0.002 11.0203 -3.9655 -2.9549 9.84 -3.0962 -0.0017
3 16 9.84 -3.0962 -0.0017 11.0203 -3.9655 -2.9549 9.4951 -3.116 -2.546
3 16 12.6225 -5.2485 -0.0022 12.1244 -5.2767 -3.251 11.4449 -3.929 -0.002
3 16 11.4449 -3.929 -0.002 12.1244 -5.2767 -3.251 11.0203 -3.9655 -2.9549
3 16 11.5435 -22.8257 -0.002 10.1057 -23.7089 -0.0016 11.1191 -22.7936 -2.9825
3 16 11.1191 -22.7936 -2.9825 10.1057 -23.7089 -0.0016 9.7466 -23.6869 -2.6143
3 16 12.6347 -21.3787 -0.0022 11.5435 -22.8257 -0.002 12.1402 -21.3569 -3.2552
3 16 12.1402 -21.3569 -3.2552 11.5435 -22.8257 -0.002 11.1191 -22.7936 -2.9825
3 16 11.0203 -3.9655 -2.9549 9.8616 -3.9876 -5.6959 9.4951 -3.116 -2.546
3 16 9.4951 -3.116 -2.546 9.8616 -3.9876 -5.6959 8.5073 -3.129 -4.9137
3 16 12.1244 -5.2767 -3.251 10.8335 -5.2937 -6.2573 11.0203 -3.9655 -2.9549
3 16 11.0203 -3.9655 -2.9549 10.8335 -5.2937 -6.2573 9.8616 -3.9876 -5.6959
3 16 11.1191 -22.7936 -2.9825 9.7466 -23.6869 -2.6143 9.9523 -22.774 -5.7489
3 16 9.9523 -22.774 -5.7489 9.7466 -23.6869 -2.6143 8.7307 -23.6749 -5.0432
3 16 12.1402 -21.3569 -3.2552 11.1191 -22.7936 -2.9825 10.85 -21.3439 -6.2667
3 16 10.85 -21.3439 -6.2667 11.1191 -22.7936 -2.9825 9.9523 -22.774 -5.7489
3 16 9.8616 -3.9876 -5.6959 8.0463 -3.9949 -8.0491 8.5073 -3.129 -4.9137
3 16 8.5073 -3.129 -4.9137 8.0463 -3.9949 -8.0491 6.9443 -3.1329 -6.9468
3 16 10.8335 -5.2937 -6.2573 8.835 -5.2993 -8.8381 9.8616 -3.9876 -5.6959
3 16 9.8616 -3.9876 -5.6959 8.835 -5.2993 -8.8381 8.0463 -3.9949 -8.0491
3 16 8.1212 -22.7674 -8.1241 9.9523 -22.774 -5.7489 7.1263 -23.6693 -7.1285
3 16 7.1263 -23.6693 -7.1285 9.9523 -22.774 -5.7489 8.7307 -23.6749 -5.0432
3 16 10.85 -21.3439 -6.2667 9.9523 -22.774 -5.7489 8.849 -21.3395 -8.8521
3 16 8.849 -21.3395 -8.8521 9.9523 -22.774 -5.7489 8.1212 -22.7674 -8.1241
3 16 5.6924 -3.9877 -9.8635 4.9108 -3.1281 -8.5093 8.0463 -3.9949 -8.0491
3 16 8.0463 -3.9949 -8.0491 4.9108 -3.1281 -8.5093 6.9443 -3.1329 -6.9468
3 16 8.0463 -3.9949 -8.0491 8.835 -5.2993 -8.8381 5.6924 -3.9877 -9.8635
3 16 5.6924 -3.9877 -9.8635 8.835 -5.2993 -8.8381 6.2534 -5.2938 -10.8355
3 16 5.7454 -22.7739 -9.9543 8.1212 -22.7674 -8.1241 5.0403 -23.6749 -8.7323
3 16 5.0403 -23.6749 -8.7323 8.1212 -22.7674 -8.1241 7.1263 -23.6693 -7.1285
3 16 6.2629 -21.3438 -10.852 8.849 -21.3395 -8.8521 5.7454 -22.7739 -9.9543
3 16 5.7454 -22.7739 -9.9543 8.849 -21.3395 -8.8521 8.1212 -22.7674 -8.1241
3 16 2.9511 -3.9657 -11.0212 2.5426 -3.1161 -9.4959 5.6924 -3.9877 -9.8635
3 16 5.6924 -3.9877 -9.8635 2.5426 -3.1161 -9.4959 4.9108 -3.1281 -8.5093
3 16 5.6924 -3.9877 -9.8635 6.2534 -5.2938 -10.8355 2.9511 -3.9657 -11.0212
3 16 2.9511 -3.9657 -11.0212 6.2534 -5.2938 -10.8355 3.2467 -5.2769 -12.1252
3 16 2.9786 -22.7934 -11.12 5.7454 -22.7739 -9.9543 2.6112 -23.6868 -9.7473
3 16 2.6112 -23.6868 -9.7473 5.7454 -22.7739 -9.9543 5.0403 -23.6749 -8.7323
3 16 3.2509 -21.3568 -12.141 6.2629 -21.3438 -10.852 2.9786 -22.7934 -11.12
3 16 2.9786 -22.7934 -11.12 6.2629 -21.3438 -10.852 5.7454 -22.7739 -9.9543
3 16 -0.002 -3.929 -11.4449 -0.0017 -3.0962 -9.84 2.9511 -3.9657 -11.0212
3 16 2.9511 -3.9657 -11.0212 -0.0017 -3.0962 -9.84 2.5426 -3.1161 -9.4959
3 16 2.9511 -3.9657 -11.0212 3.2467 -5.2769 -12.1252 -0.002 -3.929 -11.4449
3 16 -0.002 -3.929 -11.4449 3.2467 -5.2769 -12.1252 -0.0022 -5.2485 -12.6225
3 16 -0.002 -22.8257 -11.5435 2.9786 -22.7934 -11.12 -0.0016 -23.7089 -10.1057
3 16 -0.0016 -23.7089 -10.1057 2.9786 -22.7934 -11.12 2.6112 -23.6868 -9.7473
3 16 -0.0022 -21.3787 -12.6347 3.2509 -21.3568 -12.141 -0.002 -22.8257 -11.5435
3 16 -0.002 -22.8257 -11.5435 3.2509 -21.3568 -12.141 2.9786 -22.7934 -11.12
3 16 -0.002 -3.929 -11.4449 -2.9549 -3.9655 -11.0203 -0.0017 -3.0962 -9.84
3 16 -0.0017 -3.0962 -9.84 -2.9549 -3.9655 -11.0203 -2.546 -3.116 -9.4951
3 16 -0.0022 -5.2485 -12.6225 -3.251 -5.2767 -12.1244 -0.002 -3.929 -11.4449
3 16 -0.002 -3.929 -11.4449 -3.251 -5.2767 -12.1244 -2.9549 -3.9655 -11.0203
3 16 -0.002 -22.8257 -11.5435 -0.0016 -23.7089 -10.1057 -2.9825 -22.7936 -11.1191
3 16 -2.9825 -22.7936 -11.1191 -0.0016 -23.7089 -10.1057 -2.6143 -23.6869 -9.7466
3 16 -0.0022 -21.3787 -12.6347 -0.002 -22.8257 -11.5435 -3.2552 -21.3569 -12.1402
3 16 -3.2552 -21.3569 -12.1402 -0.002 -22.8257 -11.5435 -2.9825 -22.7936 -11.1191
3 16 -2.9549 -3.9655 -11.0203 -5.6959 -3.9876 -9.8616 -2.546 -3.116 -9.4951
3 16 -2.546 -3.116 -9.4951 -5.6959 -3.9876 -9.8616 -4.9138 -3.1281 -8.5076
3 16 -3.251 -5.2767 -12.1244 -6.2573 -5.2937 -10.8335 -2.9549 -3.9655 -11.0203
3 16 -2.9549 -3.9655 -11.0203 -6.2573 -5.2937 -10.8335 -5.6959 -3.9876 -9.8616
3 16 -2.9825 -22.7936 -11.1191 -2.6143 -23.6869 -9.7466 -5.7489 -22.774 -9.9523
3 16 -5.7489 -22.774 -9.9523 -2.6143 -23.6869 -9.7466 -5.0432 -23.6749 -8.7307
3 16 -3.2552 -21.3569 -12.1402 -2.9825 -22.7936 -11.1191 -6.2667 -21.3439 -10.85
3 16 -6.2667 -21.3439 -10.85 -2.9825 -22.7936 -11.1191 -5.7489 -22.774 -9.9523
3 16 -5.6959 -3.9876 -9.8616 -8.0491 -3.9949 -8.0463 -4.9138 -3.1281 -8.5076
3 16 -4.9138 -3.1281 -8.5076 -8.0491 -3.9949 -8.0463 -6.9469 -3.1321 -6.9445
3 16 -6.2573 -5.2937 -10.8335 -8.8381 -5.2993 -8.835 -5.6959 -3.9876 -9.8616
3 16 -5.6959 -3.9876 -9.8616 -8.8381 -5.2993 -8.835 -8.0491 -3.9949 -8.0463
3 16 -8.1241 -22.7674 -8.1212 -5.7489 -22.774 -9.9523 -7.1285 -23.6693 -7.1263
3 16 -7.1285 -23.6693 -7.1263 -5.7489 -22.774 -9.9523 -5.0432 -23.6749 -8.7307
3 16 -6.2667 -21.3439 -10.85 -5.7489 -22.774 -9.9523 -8.8521 -21.3395 -8.849
3 16 -8.8521 -21.3395 -8.849 -5.7489 -22.774 -9.9523 -8.1241 -22.7674 -8.1212
3 16 -9.8635 -3.9877 -5.6924 -8.5093 -3.1281 -4.9108 -8.0491 -3.9949 -8.0463
3 16 -8.0491 -3.9949 -8.0463 -8.5093 -3.1281 -4.9108 -6.9469 -3.1321 -6.9445
3 16 -8.0491 -3.9949 -8.0463 -8.8381 -5.2993 -8.835 -9.8635 -3.9877 -5.6924
3 16 -9.8635 -3.9877 -5.6924 -8.8381 -5.2993 -8.835 -10.8355 -5.2938 -6.2534
3 16 -9.9543 -22.7739 -5.7454 -8.1241 -22.7674 -8.1212 -8.7323 -23.6749 -5.0403
3 16 -8.7323 -23.6749 -5.0403 -8.1241 -22.7674 -8.1212 -7.1285 -23.6693 -7.1263
3 16 -11.0212 -3.9657 -2.9511 -9.4959 -3.1161 -2.5426 -9.8635 -3.9877 -5.6924
3 16 -9.8635 -3.9877 -5.6924 -9.4959 -3.1161 -2.5426 -8.5093 -3.1281 -4.9108
3 16 -9.8635 -3.9877 -5.6924 -10.8355 -5.2938 -6.2534 -11.0212 -3.9657 -2.9511
3 16 -11.0212 -3.9657 -2.9511 -10.8355 -5.2938 -6.2534 -12.1252 -5.2769 -3.2467
3 16 -11.12 -22.7934 -2.9786 -9.9543 -22.7739 -5.7454 -9.7473 -23.6868 -2.6112
3 16 -9.7473 -23.6868 -2.6112 -9.9543 -22.7739 -5.7454 -8.7323 -23.6749 -5.0403
3 16 -12.141 -21.3568 -3.2509 -10.852 -21.3438 -6.2629 -11.12 -22.7934 -2.9786
3 16 -11.12 -22.7934 -2.9786 -10.852 -21.3438 -6.2629 -9.9543 -22.7739 -5.7454
3 16 -11.4449 -3.929 0.002 -9.84 -3.0962 0.0017 -11.0212 -3.9657 -2.9511
3 16 -11.0212 -3.9657 -2.9511 -9.84 -3.0962 0.0017 -9.4959 -3.1161 -2.5426
3 16 -11.0212 -3.9657 -2.9511 -12.1252 -5.2769 -3.2467 -11.4449 -3.929 0.002
3 16 -11.4449 -3.929 0.002 -12.1252 -5.2769 -3.2467 -12.6225 -5.2485 0.0022
3 16 -11.5435 -22.8257 0.002 -11.12 -22.7934 -2.9786 -10.1057 -23.7089 0.0016
3 16 -10.1057 -23.7089 0.0016 -11.12 -22.7934 -2.9786 -9.7473 -23.6868 -2.6112
3 16 -12.6347 -21.3787 0.0022 -12.141 -21.3568 -3.2509 -11.5435 -22.8257 0.002
3 16 -11.5435 -22.8257 0.002 -12.141 -21.3568 -3.2509 -11.12 -22.7934 -2.9786
3 16 -11.4449 -3.929 0.002 -11.0203 -3.9655 2.9549 -9.84 -3.0962 0.0017
3 16 -9.84 -3.0962 0.0017 -11.0203 -3.9655 2.9549 -9.4951 -3.116 2.546
3 16 -12.6225 -5.2485 0.0022 -12.1244 -5.2767 3.251 -11.4449 -3.929 0.002
3 16 -11.4449 -3.929 0.002 -12.1244 -5.2767 3.251 -11.0203 -3.9655 2.9549
3 16 -11.5435 -22.8257 0.002 -10.1057 -23.7089 0.0016 -11.1191 -22.7936 2.9825
3 16 -11.1191 -22.7936 2.9825 -10.1057 -23.7089 0.0016 -9.7466 -23.6869 2.6143
3 16 -12.6347 -21.3787 0.0022 -11.5435 -22.8257 0.002 -12.1402 -21.3569 3.2552
3 16 -12.1402 -21.3569 3.2552 -11.5435 -22.8257 0.002 -11.1191 -22.7936 2.9825
3 16 -11.0203 -3.9655 2.9549 -9.8616 -3.9876 5.6959 -9.4951 -3.116 2.546
3 16 -9.4951 -3.116 2.546 -9.8616 -3.9876 5.6959 -8.5076 -3.1281 4.9138
3 16 -12.1244 -5.2767 3.251 -10.8335 -5.2937 6.2573 -11.0203 -3.9655 2.9549
3 16 -11.0203 -3.9655 2.9549 -10.8335 -5.2937 6.2573 -9.8616 -3.9876 5.6959
3 16 -11.1191 -22.7936 2.9825 -9.7466 -23.6869 2.6143 -9.9523 -22.774 5.7489
3 16 -9.9523 -22.774 5.7489 -9.7466 -23.6869 2.6143 -8.7307 -23.6749 5.0432
3 16 -12.1402 -21.3569 3.2552 -11.1191 -22.7936 2.9825 -10.85 -21.3439 6.2667
3 16 -10.85 -21.3439 6.2667 -11.1191 -22.7936 2.9825 -9.9523 -22.774 5.7489
3 16 -9.8616 -3.9876 5.6959 -8.0463 -3.9949 8.0491 -8.5076 -3.1281 4.9138
3 16 -8.5076 -3.1281 4.9138 -8.0463 -3.9949 8.0491 -6.9445 -3.1321 6.9469
3 16 -10.8335 -5.2937 6.2573 -8.835 -5.2993 8.8381 -9.8616 -3.9876 5.6959
3 16 -9.8616 -3.9876 5.6959 -8.835 -5.2993 8.8381 -8.0463 -3.9949 8.0491
3 16 -8.1212 -22.7674 8.1241 -9.9523 -22.774 5.7489 -7.1263 -23.6693 7.1285
3 16 -7.1263 -23.6693 7.1285 -9.9523 -22.774 5.7489 -8.7307 -23.6749 5.0432
3 16 -10.85 -21.3439 6.2667 -9.9523 -22.774 5.7489 -8.849 -21.3395 8.8521
3 16 -8.849 -21.3395 8.8521 -9.9523 -22.774 5.7489 -8.1212 -22.7674 8.1241
3 16 -5.6924 -3.9877 9.8635 -4.9108 -3.1281 8.5093 -8.0463 -3.9949 8.0491
3 16 -8.0463 -3.9949 8.0491 -4.9108 -3.1281 8.5093 -6.9445 -3.1321 6.9469
3 16 -8.0463 -3.9949 8.0491 -8.835 -5.2993 8.8381 -5.6924 -3.9877 9.8635
3 16 -5.6924 -3.9877 9.8635 -8.835 -5.2993 8.8381 -6.2534 -5.2938 10.8355
3 16 -5.7454 -22.7739 9.9543 -8.1212 -22.7674 8.1241 -5.0403 -23.6749 8.7323
3 16 -5.0403 -23.6749 8.7323 -8.1212 -22.7674 8.1241 -7.1263 -23.6693 7.1285
3 16 -6.2629 -21.3438 10.852 -8.849 -21.3395 8.8521 -5.7454 -22.7739 9.9543
3 16 -5.7454 -22.7739 9.9543 -8.849 -21.3395 8.8521 -8.1212 -22.7674 8.1241
3 16 -2.9511 -3.9657 11.0212 -2.5426 -3.1161 9.4959 -5.6924 -3.9877 9.8635
3 16 -5.6924 -3.9877 9.8635 -2.5426 -3.1161 9.4959 -4.9108 -3.1281 8.5093
3 16 -5.6924 -3.9877 9.8635 -6.2534 -5.2938 10.8355 -2.9511 -3.9657 11.0212
3 16 -2.9511 -3.9657 11.0212 -6.2534 -5.2938 10.8355 -3.2467 -5.2769 12.1252
3 16 -2.9786 -22.7934 11.12 -5.7454 -22.7739 9.9543 -2.6112 -23.6868 9.7473
3 16 -2.6112 -23.6868 9.7473 -5.7454 -22.7739 9.9543 -5.0403 -23.6749 8.7323
3 16 -3.2509 -21.3568 12.141 -6.2629 -21.3438 10.852 -2.9786 -22.7934 11.12
3 16 -2.9786 -22.7934 11.12 -6.2629 -21.3438 10.852 -5.7454 -22.7739 9.9543
3 16 0.002 -3.929 11.4449 0.0017 -3.0962 9.84 -2.9511 -3.9657 11.0212
3 16 -2.9511 -3.9657 11.0212 0.0017 -3.0962 9.84 -2.5426 -3.1161 9.4959
3 16 -2.9511 -3.9657 11.0212 -3.2467 -5.2769 12.1252 0.002 -3.929 11.4449
3 16 0.002 -3.929 11.4449 -3.2467 -5.2769 12.1252 0.0022 -5.2485 12.6225
3 16 0.002 -22.8258 11.5435 -2.9786 -22.7934 11.12 0.0016 -23.7089 10.1057
3 16 0.0016 -23.7089 10.1057 -2.9786 -22.7934 11.12 -2.6112 -23.6868 9.7473
3 16 0.0022 -21.3787 12.6347 -3.2509 -21.3568 12.141 0.002 -22.8258 11.5435
3 16 0.002 -22.8258 11.5435 -3.2509 -21.3568 12.141 -2.9786 -22.7934 11.12
3 16 0.002 -3.929 11.4449 2.9549 -3.9655 11.0203 0.0017 -3.0962 9.84
3 16 0.0017 -3.0962 9.84 2.9549 -3.9655 11.0203 2.546 -3.116 9.4951
3 16 0.0022 -5.2485 12.6225 3.251 -5.2767 12.1244 0.002 -3.929 11.4449
3 16 0.002 -3.929 11.4449 3.251 -5.2767 12.1244 2.9549 -3.9655 11.0203
3 16 0.002 -22.8258 11.5435 0.0016 -23.7089 10.1057 2.9825 -22.7936 11.1191
3 16 2.9825 -22.7936 11.1191 0.0016 -23.7089 10.1057 2.6143 -23.6869 9.7466
3 16 0.0022 -21.3787 12.6347 0.002 -22.8258 11.5435 3.2552 -21.3569 12.1402
3 16 3.2552 -21.3569 12.1402 0.002 -22.8258 11.5435 2.9825 -22.7936 11.1191
3 16 2.9549 -3.9655 11.0203 5.6959 -3.9876 9.8616 2.546 -3.116 9.4951
3 16 2.546 -3.116 9.4951 5.6959 -3.9876 9.8616 4.9138 -3.1281 8.5076
3 16 3.251 -5.2767 12.1244 6.2573 -5.2937 10.8335 2.9549 -3.9655 11.0203
3 16 2.9549 -3.9655 11.0203 6.2573 -5.2937 10.8335 5.6959 -3.9876 9.8616
3 16 2.9825 -22.7936 11.1191 2.6143 -23.6869 9.7466 5.7489 -22.774 9.9523
3 16 5.7489 -22.774 9.9523 2.6143 -23.6869 9.7466 5.0432 -23.6749 8.7307
3 16 3.2552 -21.3569 12.1402 2.9825 -22.7936 11.1191 6.2668 -21.3439 10.85
3 16 6.2668 -21.3439 10.85 2.9825 -22.7936 11.1191 5.7489 -22.774 9.9523
3 16 5.6959 -3.9876 9.8616 8.0491 -3.9949 8.0463 4.9138 -3.1281 8.5076
3 16 4.9138 -3.1281 8.5076 8.0491 -3.9949 8.0463 6.9469 -3.1321 6.9445
3 16 6.2573 -5.2937 10.8335 8.8381 -5.2993 8.835 5.6959 -3.9876 9.8616
3 16 5.6959 -3.9876 9.8616 8.8381 -5.2993 8.835 8.0491 -3.9949 8.0463
3 16 8.1241 -22.7674 8.1212 5.7489 -22.774 9.9523 7.1285 -23.6693 7.1263
3 16 7.1285 -23.6693 7.1263 5.7489 -22.774 9.9523 5.0432 -23.6749 8.7307
3 16 6.2668 -21.3439 10.85 5.7489 -22.774 9.9523 8.8521 -21.3395 8.849
3 16 8.8521 -21.3395 8.849 5.7489 -22.774 9.9523 8.1241 -22.7674 8.1212
3 16 9.8635 -3.9877 5.6924 8.5093 -3.1281 4.9108 8.0491 -3.9949 8.0463
3 16 8.0491 -3.9949 8.0463 8.5093 -3.1281 4.9108 6.9469 -3.1321 6.9445
3 16 8.0491 -3.9949 8.0463 8.8381 -5.2993 8.835 9.8635 -3.9877 5.6924
3 16 9.8635 -3.9877 5.6924 8.8381 -5.2993 8.835 10.8355 -5.2938 6.2534
3 16 9.9543 -22.7739 5.7454 8.1241 -22.7674 8.1212 8.7323 -23.6749 5.0403
3 16 8.7323 -23.6749 5.0403 8.1241 -22.7674 8.1212 7.1285 -23.6693 7.1263
3 16 10.852 -21.3438 6.2629 8.8521 -21.3395 8.849 9.9543 -22.7739 5.7454
3 16 9.9543 -22.7739 5.7454 8.8521 -21.3395 8.849 8.1241 -22.7674 8.1212
3 16 11.0212 -3.9657 2.9511 9.4959 -3.1161 2.5426 9.8635 -3.9877 5.6924
3 16 9.8635 -3.9877 5.6924 9.4959 -3.1161 2.5426 8.5093 -3.1281 4.9108
3 16 9.8635 -3.9877 5.6924 10.8355 -5.2938 6.2534 11.0212 -3.9657 2.9511
3 16 11.0212 -3.9657 2.9511 10.8355 -5.2938 6.2534 12.1252 -5.2769 3.2467
3 16 11.12 -22.7934 2.9786 9.9543 -22.7739 5.7454 9.7473 -23.6868 2.6112
3 16 9.7473 -23.6868 2.6112 9.9543 -22.7739 5.7454 8.7323 -23.6749 5.0403
3 16 12.141 -21.3568 3.2509 10.852 -21.3438 6.2629 11.12 -22.7934 2.9786
3 16 11.12 -22.7934 2.9786 10.852 -21.3438 6.2629 9.9543 -22.7739 5.7454
3 16 11.4449 -3.929 -0.002 9.84 -3.0962 -0.0017 11.0212 -3.9657 2.9511
3 16 11.0212 -3.9657 2.9511 9.84 -3.0962 -0.0017 9.4959 -3.1161 2.5426
3 16 11.0212 -3.9657 2.9511 12.1252 -5.2769 3.2467 11.4449 -3.929 -0.002
3 16 11.4449 -3.929 -0.002 12.1252 -5.2769 3.2467 12.6225 -5.2485 -0.0022
3 16 11.5435 -22.8257 -0.002 11.12 -22.7934 2.9786 10.1057 -23.7089 -0.0016
3 16 10.1057 -23.7089 -0.0016 11.12 -22.7934 2.9786 9.7473 -23.6868 2.6112
3 16 12.6347 -21.3787 -0.0022 12.141 -21.3568 3.2509 11.5435 -22.8257 -0.002
3 16 11.5435 -22.8257 -0.002 12.141 -21.3568 3.2509 11.12 -22.7934 2.9786
3 16 7.9689 0 -2.1353 8.25 0 0 7.9687 -2.7751 -2.1358
3 16 7.9687 -2.7751 -2.1358 8.25 0 0 8.25 -2.7751 -0.0006
3 16 7.1447 0 -4.125 7.9689 0 -2.1353 7.1444 -2.7751 -4.1255
3 16 7.1444 -2.7751 -4.1255 7.9689 0 -2.1353 7.9687 -2.7751 -2.1358
3 16 5.8336 0 -5.8336 7.1447 0 -4.125 5.8332 -2.7751 -5.8341
3 16 5.8332 -2.7751 -5.8341 7.1447 0 -4.125 7.1444 -2.7751 -4.1255
3 16 4.125 0 -7.1447 5.8336 0 -5.8336 4.1245 -2.7751 -7.145
3 16 4.1245 -2.7751 -7.145 5.8336 0 -5.8336 5.8332 -2.7751 -5.8341
3 16 2.1353 0 -7.9689 4.125 0 -7.1447 2.1347 -2.7751 -7.969
3 16 2.1347 -2.7751 -7.969 4.125 0 -7.1447 4.1245 -2.7751 -7.145
3 16 0 0 -8.25 2.1353 0 -7.9689 -0.0006 -2.7751 -8.25
3 16 -0.0006 -2.7751 -8.25 2.1353 0 -7.9689 2.1347 -2.7751 -7.969
3 16 -2.1353 0 -7.9689 0 0 -8.25 -2.1358 -2.7751 -7.9687
3 16 -2.1358 -2.7751 -7.9687 0 0 -8.25 -0.0006 -2.7751 -8.25
3 16 -4.125 0 -7.1447 -2.1353 0 -7.9689 -4.1255 -2.7751 -7.1444
3 16 -4.1255 -2.7751 -7.1444 -2.1353 0 -7.9689 -2.1358 -2.7751 -7.9687
3 16 -5.8336 0 -5.8336 -4.125 0 -7.1447 -5.8341 -2.7751 -5.8332
3 16 -5.8341 -2.7751 -5.8332 -4.125 0 -7.1447 -4.1255 -2.7751 -7.1444
3 16 -7.1447 0 -4.125 -5.8336 0 -5.8336 -7.145 -2.7751 -4.1245
3 16 -7.145 -2.7751 -4.1245 -5.8336 0 -5.8336 -5.8341 -2.7751 -5.8332
3 16 -7.9689 0 -2.1353 -7.1447 0 -4.125 -7.969 -2.7751 -2.1347
3 16 -7.969 -2.7751 -2.1347 -7.1447 0 -4.125 -7.145 -2.7751 -4.1245
3 16 -8.25 0 0 -7.9689 0 -2.1353 -8.25 -2.7751 0.0006
3 16 -8.25 -2.7751 0.0006 -7.9689 0 -2.1353 -7.969 -2.7751 -2.1347
3 16 -7.9689 0 2.1353 -8.25 0 0 -7.9687 -2.7751 2.1358
3 16 -7.9687 -2.7751 2.1358 -8.25 0 0 -8.25 -2.7751 0.0006
3 16 -7.1447 0 4.125 -7.9689 0 2.1353 -7.1444 -2.7751 4.1255
3 16 -7.1444 -2.7751 4.1255 -7.9689 0 2.1353 -7.9687 -2.7751 2.1358
3 16 -5.8336 0 5.8336 -7.1447 0 4.125 -5.8332 -2.7751 5.8341
3 16 -5.8332 -2.7751 5.8341 -7.1447 0 4.125 -7.1444 -2.7751 4.1255
3 16 -4.125 0 7.1447 -5.8336 0 5.8336 -4.1245 -2.7751 7.145
3 16 -4.1245 -2.7751 7.145 -5.8336 0 5.8336 -5.8332 -2.7751 5.8341
3 16 -2.1353 0 7.9689 -4.125 0 7.1447 -2.1347 -2.7751 7.969
3 16 -2.1347 -2.7751 7.969 -4.125 0 7.1447 -4.1245 -2.7751 7.145
3 16 0 0 8.25 -2.1353 0 7.9689 0.0006 -2.7751 8.25
3 16 0.0006 -2.7751 8.25 -2.1353 0 7.9689 -2.1347 -2.7751 7.969
3 16 2.1353 0 7.9689 0 0 8.25 2.1358 -2.7751 7.9687
3 16 2.1358 -2.7751 7.9687 0 0 8.25 0.0006 -2.7751 8.25
3 16 4.125 0 7.1447 2.1353 0 7.9689 4.1255 -2.7751 7.1444
3 16 4.1255 -2.7751 7.1444 2.1353 0 7.9689 2.1358 -2.7751 7.9687
3 16 5.8336 0 5.8336 4.125 0 7.1447 5.8341 -2.7751 5.8332
3 16 5.8341 -2.7751 5.8332 4.125 0 7.1447 4.1255 -2.7751 7.1444
3 16 7.1447 0 4.125 5.8336 0 5.8336 7.145 -2.7751 4.1245
3 16 7.145 -2.7751 4.1245 5.8336 0 5.8336 5.8341 -2.7751 5.8332
3 16 7.9689 0 2.1353 7.1447 0 4.125 7.969 -2.7751 2.1347
3 16 7.969 -2.7751 2.1347 7.1447 0 4.125 7.145 -2.7751 4.1245
3 16 8.25 0 0 7.9689 0 2.1353 8.25 -2.7751 -0.0006
3 16 8.25 -2.7751 -0.0006 7.9689 0 2.1353 7.969 -2.7751 2.1347
3 16 0 -28.45 -6.252 3.126 -28.45 -5.4144 0 -28.45 -4.0755
3 16 0 -28.45 -4.0755 3.126 -28.45 -5.4144 2.0378 -28.45 -3.5295
3 16 3.126 -28.45 -5.4144 5.4144 -28.45 -3.126 2.0378 -28.45 -3.5295
3 16 2.0378 -28.45 -3.5295 5.4144 -28.45 -3.126 3.5295 -28.45 -2.0378
3 16 6.252 -28.45 0 4.0755 -28.45 0 5.4144 -28.45 -3.126
3 16 5.4144 -28.45 -3.126 4.0755 -28.45 0 3.5295 -28.45 -2.0378
3 16 0 -28.45 6.252 -3.126 -28.45 5.4144 0 -28.45 4.0755
3 16 0 -28.45 4.0755 -3.126 -28.45 5.4144 -2.0378 -28.45 3.5295
3 16 -3.126 -28.45 5.4144 -5.4144 -28.45 3.126 -2.0378 -28.45 3.5295
3 16 -2.0378 -28.45 3.5295 -5.4144 -28.45 3.126 -3.5295 -28.45 2.0378
3 16 -6.252 -28.45 0 -4.0755 -28.45 0 -5.4144 -28.45 3.126
3 16 -5.4144 -28.45 3.126 -4.0755 -28.45 0 -3.5295 -28.45 2.0378
3 16 6.252 -28.45 0 5.4144 -28.45 3.126 4.0755 -28.45 0
3 16 4.0755 -28.45 0 5.4144 -28.45 3.126 3.5295 -28.45 2.0378
3 16 5.4144 -28.45 3.126 3.126 -28.45 5.4144 3.5295 -28.45 2.0378
3 16 3.5295 -28.45 2.0378 3.126 -28.45 5.4144 2.0378 -28.45 3.5295
3 16 -6.252 -28.45 0 -5.4144 -28.45 -3.126 -4.0755 -28.45 0
3 16 -4.0755 -28.45 0 -5.4144 -28.45 -3.126 -3.5295 -28.45 -2.0378
3 16 -5.4144 -28.45 -3.126 -3.126 -28.45 -5.4144 -3.5295 -28.45 -2.0378
3 16 -3.5295 -28.45 -2.0378 -3.126 -28.45 -5.4144 -2.0378 -28.45 -3.5295
3 16 2.0378 -28.45 -3.5295 3.5295 -28.45 -2.0378 2.0378 -23.46 -3.5295
3 16 2.0378 -23.46 -3.5295 3.5295 -28.45 -2.0378 3.5295 -23.46 -2.0378
3 16 4.0755 -28.45 0 4.0755 -23.46 0 3.5295 -28.45 -2.0378
3 16 3.5295 -28.45 -2.0378 4.0755 -23.46 0 3.5295 -23.46 -2.0378
3 16 -2.0378 -23.46 3.5295 -1.022 -23.46 3.8691 -2.0378 -28.45 3.5295
3 16 -2.0378 -28.45 3.5295 -1.022 -23.46 3.8691 0 -28.45 4.0755
3 16 -1.022 -23.46 3.8691 0 -23.46 4.0755 0 -28.45 4.0755
3 16 -2.0378 -28.45 3.5295 -3.5295 -28.45 2.0378 -2.0378 -23.46 3.5295
3 16 -2.0378 -23.46 3.5295 -3.5295 -28.45 2.0378 -3.5295 -23.46 2.0378
3 16 -4.0755 -23.46 0 -3.5295 -23.46 2.0378 -4.0755 -28.45 0
3 16 -4.0755 -28.45 0 -3.5295 -23.46 2.0378 -3.5295 -28.45 2.0378
3 16 3.5295 -23.46 2.0378 4.0755 -23.46 0 3.5295 -28.45 2.0378
3 16 3.5295 -28.45 2.0378 4.0755 -23.46 0 4.0755 -28.45 0
3 16 2.0378 -28.45 3.5295 2.0377 -23.46 3.5295 3.5295 -28.45 2.0378
3 16 3.5295 -28.45 2.0378 2.0377 -23.46 3.5295 3.5295 -23.46 2.0378
3 16 -3.5295 -28.45 -2.0378 -3.5295 -23.46 -2.0378 -4.0755 -28.45 0
3 16 -4.0755 -28.45 0 -3.5295 -23.46 -2.0378 -4.0755 -23.46 0
3 16 -2.0378 -28.45 -3.5295 -2.0378 -23.46 -3.5295 -3.5295 -28.45 -2.0378
3 16 -3.5295 -28.45 -2.0378 -2.0378 -23.46 -3.5295 -3.5295 -23.46 -2.0378
3 16 3.5295 -23.46 2.0378 2.0377 -23.46 3.5295 2.0786 -23.46 2.6723
3 16 2.0786 -23.46 2.6723 2.0377 -23.46 3.5295 1.7978 -23.46 3.39
3 16 5.4127 0 -3.125 7.9689 0 -2.1353 7.1447 0 -4.125
3 16 5.4127 0 -3.125 7.1447 0 -4.125 5.8336 0 -5.8336
3 16 0 0 -6.25 2.1353 0 -7.9689 0 0 -8.25
3 16 0 0 -6.25 0 0 -8.25 -2.1353 0 -7.9689
3 16 -5.4127 0 -3.125 -5.8336 0 -5.8336 -7.1447 0 -4.125
3 16 -5.4127 0 -3.125 -7.1447 0 -4.125 -7.9689 0 -2.1353
3 16 -5.4127 0 3.125 -7.9689 0 2.1353 -7.1447 0 4.125
3 16 -5.4127 0 3.125 -7.1447 0 4.125 -5.8336 0 5.8336
3 16 0 0 6.25 -2.1353 0 7.9689 0 0 8.25
3 16 0 0 6.25 0 0 8.25 2.1353 0 7.9689
3 16 5.4127 0 3.125 5.8336 0 5.8336 7.1447 0 4.125
3 16 5.4127 0 3.125 7.1447 0 4.125 7.9689 0 2.1353
3 16 -1.022 -23.46 -3.8691 -1.8047 -23.46 -3.4004 -2.0378 -23.46 -3.5295
3 16 -1.8047 -23.46 3.4004 -1.022 -23.46 3.8691 -2.0378 -23.46 3.5295
3 16 1.022 -23.46 3.8691 1.7978 -23.46 3.39 2.0377 -23.46 3.5295
3 16 1.022 -23.46 -3.8691 2.0378 -23.46 -3.5295 1.7978 -23.46 -3.39
3 16 2.0378 -23.46 -3.5295 1.022 -23.46 -3.8691 2.0378 -28.45 -3.5295
3 16 2.0378 -28.45 -3.5295 1.022 -23.46 -3.8691 0 -28.45 -4.0755
3 16 1.022 -23.46 -3.8691 0 -23.46 -4.0755 0 -28.45 -4.0755
3 16 0 -28.45 4.0755 2.0378 -28.45 3.5295 0 -28.45 6.252
3 16 0 -28.45 6.252 2.0378 -28.45 3.5295 3.126 -28.45 5.4144
3 16 0 -28.45 -4.0755 -2.0378 -28.45 -3.5295 0 -28.45 -6.252
3 16 0 -28.45 -6.252 -2.0378 -28.45 -3.5295 -3.126 -28.45 -5.4144
3 16 1.4049 -23.46 -2.0823 4.0755 -23.46 0 -1.3983 -23.46 -2.0823
3 16 -1.3983 -23.46 -2.0823 4.0755 -23.46 0 -4.0755 -23.46 0
3 16 2.0377 -23.46 3.5295 2.0378 -28.45 3.5295 1.022 -23.46 3.8691
3 16 2.0378 -28.45 3.5295 0 -28.45 4.0755 1.022 -23.46 3.8691
3 16 0 -28.45 4.0755 0 -23.46 4.0755 1.022 -23.46 3.8691
3 16 -2.0378 -23.46 -3.5295 -2.0378 -28.45 -3.5295 -1.022 -23.46 -3.8691
3 16 -2.0378 -28.45 -3.5295 0 -28.45 -4.0755 -1.022 -23.46 -3.8691
3 16 0 -28.45 -4.0755 0 -23.46 -4.0755 -1.022 -23.46 -3.8691
3 16 1.4049 -23.46 2.0823 1.4049 -20.5974 2.0823 -1.3983 -23.46 2.0823
3 16 -1.3983 -23.46 2.0823 1.4049 -20.5974 2.0823 -1.3983 -20.5974 2.0823
3 16 1.022 -20.5974 3.8691 1.7978 -20.5974 3.39 1.022 -23.46 3.8691
3 16 1.022 -23.46 3.8691 1.7978 -20.5974 3.39 1.7978 -23.46 3.39
3 16 1.7978 -20.5974 3.39 3.125 -20.5974 5.4127 2.0786 -20.5974 2.6723
3 16 2.0786 -20.5974 2.6723 3.125 -20.5974 5.4127 5.4127 -20.5974 3.125
3 16 1.4049 -20.5974 2.0823 1.4049 -23.46 2.0823 2.0786 -20.5974 2.6723
3 16 2.0786 -20.5974 2.6723 1.4049 -23.46 2.0823 2.0786 -23.46 2.6723
3 16 -1.3983 -20.5974 -2.0823 -1.3983 -23.46 -2.0823 -2.1069 -20.5974 -2.6796
3 16 -2.1069 -20.5974 -2.6796 -1.3983 -23.46 -2.0823 -2.1069 -23.46 -2.6796
3 16 -1.3983 -20.5974 -2.0823 1.4049 -20.5974 -2.0823 -1.3983 -23.46 -2.0823
3 16 -1.3983 -23.46 -2.0823 1.4049 -20.5974 -2.0823 1.4049 -23.46 -2.0823
3 16 0 -20.5974 -4.0755 -1.022 -20.5974 -3.8691 0 -23.46 -4.0755
3 16 0 -23.46 -4.0755 -1.022 -20.5974 -3.8691 -1.022 -23.46 -3.8691
3 16 1.022 -20.5974 -3.8691 0 -20.5974 -4.0755 1.022 -23.46 -3.8691
3 16 1.022 -23.46 -3.8691 0 -20.5974 -4.0755 0 -23.46 -4.0755
3 16 1.022 -20.5974 3.8691 3.125 -20.5974 5.4127 1.7978 -20.5974 3.39
3 16 0 -20.5974 4.0755 1.022 -20.5974 3.8691 0 -23.46 4.0755
3 16 0 -23.46 4.0755 1.022 -20.5974 3.8691 1.022 -23.46 3.8691
3 16 -1.022 -20.5974 3.8691 0 -20.5974 4.0755 -1.022 -23.46 3.8691
3 16 -1.022 -23.46 3.8691 0 -20.5974 4.0755 0 -23.46 4.0755
3 16 -3.125 -20.5974 5.4127 0 -20.5974 6.25 -1.022 -20.5974 3.8691
3 16 -1.022 -20.5974 3.8691 0 -20.5974 6.25 0 -20.5974 4.0755
3 16 -1.8047 -20.5974 3.4004 -1.022 -20.5974 3.8691 -1.8047 -23.46 3.4004
3 16 -1.8047 -23.46 3.4004 -1.022 -20.5974 3.8691 -1.022 -23.46 3.8691
3 16 -1.022 -20.5974 -3.8691 -1.8047 -20.5974 -3.4004 -1.022 -23.46 -3.8691
3 16 -1.022 -23.46 -3.8691 -1.8047 -20.5974 -3.4004 -1.8047 -23.46 -3.4004
3 16 1.7978 -20.5974 -3.39 1.022 -20.5974 -3.8691 1.7978 -23.46 -3.39
3 16 1.7978 -23.46 -3.39 1.022 -20.5974 -3.8691 1.022 -23.46 -3.8691
3 16 2.0786 -20.5974 -2.6723 1.7978 -20.5974 -3.39 2.0786 -23.46 -2.6723
3 16 2.0786 -23.46 -2.6723 1.7978 -20.5974 -3.39 1.7978 -23.46 -3.39
3 16 -1.8047 -20.5974 3.4004 -2.1069 -20.5974 2.6796 -3.125 -20.5974 5.4127
3 16 -3.125 -20.5974 5.4127 -2.1069 -20.5974 2.6796 -5.4127 -20.5974 3.125
3 16 -2.1069 -20.5974 2.6796 -1.8047 -20.5974 3.4004 -2.1069 -23.46 2.6796
3 16 -2.1069 -23.46 2.6796 -1.8047 -20.5974 3.4004 -1.8047 -23.46 3.4004
3 16 1.7978 -20.5974 3.39 2.0786 -20.5974 2.6723 1.7978 -23.46 3.39
3 16 1.7978 -23.46 3.39 2.0786 -20.5974 2.6723 2.0786 -23.46 2.6723
3 16 1.4049 -20.5974 -2.0823 2.0786 -20.5974 -2.6723 1.4049 -23.46 -2.0823
3 16 1.4049 -23.46 -2.0823 2.0786 -20.5974 -2.6723 2.0786 -23.46 -2.6723
3 16 -1.3983 -20.5974 2.0823 -2.1069 -20.5974 2.6796 -1.3983 -23.46 2.0823
3 16 -1.3983 -23.46 2.0823 -2.1069 -20.5974 2.6796 -2.1069 -23.46 2.6796
3 16 -1.8047 -20.5974 -3.4004 -2.1069 -20.5974 -2.6796 -1.8047 -23.46 -3.4004
3 16 -1.8047 -23.46 -3.4004 -2.1069 -20.5974 -2.6796 -2.1069 -23.46 -2.6796
3 16 5.4144 -28.45 3.126 5.4127 -24 3.125 3.126 -28.45 5.4144
3 16 3.126 -28.45 5.4144 5.4127 -24 3.125 3.125 -24 5.4127
3 16 3.125 -24 5.4127 0 -24 6.25 3.126 -28.45 5.4144
3 16 3.126 -28.45 5.4144 0 -24 6.25 0 -28.45 6.252
3 16 0 -24 6.25 -3.125 -24 5.4127 0 -28.45 6.252
3 16 0 -28.45 6.252 -3.125 -24 5.4127 -3.126 -28.45 5.4144
3 16 -3.125 -24 5.4127 -5.4127 -24 3.125 -3.126 -28.45 5.4144
3 16 -3.126 -28.45 5.4144 -5.4127 -24 3.125 -5.4144 -28.45 3.126
3 16 -5.4127 -24 3.125 -6.25 -24 0 -5.4144 -28.45 3.126
3 16 -5.4144 -28.45 3.126 -6.25 -24 0 -6.252 -28.45 0
3 16 -5.4127 -24 -3.125 -3.125 -24 -5.4127 -5.4144 -28.45 -3.126
3 16 -5.4144 -28.45 -3.126 -3.125 -24 -5.4127 -3.126 -28.45 -5.4144
3 16 -3.125 -24 -5.4127 0 -24 -6.25 -3.126 -28.45 -5.4144
3 16 -3.126 -28.45 -5.4144 0 -24 -6.25 0 -28.45 -6.252
3 16 0 -24 -6.25 3.125 -24 -5.4127 0 -28.45 -6.252
3 16 0 -28.45 -6.252 3.125 -24 -5.4127 3.126 -28.45 -5.4144
3 16 3.125 -24 -5.4127 5.4127 -24 -3.125 3.126 -28.45 -5.4144
3 16 3.126 -28.45 -5.4144 5.4127 -24 -3.125 5.4144 -28.45 -3.126
3 16 5.4127 -24 -3.125 6.25 -24 0 5.4144 -28.45 -3.126
3 16 5.4144 -28.45 -3.126 6.25 -24 0 6.252 -28.45 0
3 16 -6.25 -24 0 -5.4127 -24 -3.125 -6.252 -28.45 0
3 16 -6.252 -28.45 0 -5.4127 -24 -3.125 -5.4144 -28.45 -3.126
3 16 6.252 -28.45 0 6.25 -24 0 5.4144 -28.45 3.126
3 16 5.4144 -28.45 3.126 6.25 -24 0 5.4127 -24 3.125
3 16 7.2762 -24 -4.2021 8.7307 -23.6749 -5.0432 8.117 -24 -2.176
3 16 8.117 -24 -2.176 8.7307 -23.6749 -5.0432 9.7466 -23.6869 -2.6143
3 16 7.2762 -24 -4.2021 8.117 -24 -2.176 5.4127 -24 -3.125
3 16 5.4127 -24 -3.125 8.117 -24 -2.176 6.25 -24 0
3 16 8.117 -24 -2.176 8.4057 -24 -0.001 6.25 -24 0
3 16 8.117 -24 -2.176 9.7466 -23.6869 -2.6143 8.4057 -24 -0.001
3 16 8.4057 -24 -0.001 9.7466 -23.6869 -2.6143 10.1057 -23.7089 -0.0016
3 16 7.2762 -24 -4.2021 5.9403 -24 -5.9418 8.7307 -23.6749 -5.0432
3 16 8.7307 -23.6749 -5.0432 5.9403 -24 -5.9418 7.1263 -23.6693 -7.1285
3 16 7.2762 -24 -4.2021 5.4127 -24 -3.125 5.9403 -24 -5.9418
3 16 5.9403 -24 -5.9418 5.4127 -24 -3.125 3.125 -24 -5.4127
3 16 5.9403 -24 -5.9418 4.2003 -24 -7.2773 7.1263 -23.6693 -7.1285
3 16 7.1263 -23.6693 -7.1285 4.2003 -24 -7.2773 5.0403 -23.6749 -8.7323
3 16 4.2003 -24 -7.2773 5.9403 -24 -5.9418 3.125 -24 -5.4127
3 16 4.2003 -24 -7.2773 2.174 -24 -8.1175 5.0403 -23.6749 -8.7323
3 16 5.0403 -23.6749 -8.7323 2.174 -24 -8.1175 2.6112 -23.6868 -9.7473
3 16 2.174 -24 -8.1175 4.2003 -24 -7.2773 3.125 -24 -5.4127
3 16 2.174 -24 -8.1175 -0.001 -24 -8.4057 2.6112 -23.6868 -9.7473
3 16 2.6112 -23.6868 -9.7473 -0.001 -24 -8.4057 -0.0016 -23.7089 -10.1057
3 16 -0.001 -24 -8.4057 2.174 -24 -8.1175 0 -24 -6.25
3 16 0 -24 -6.25 2.174 -24 -8.1175 3.125 -24 -5.4127
3 16 -2.176 -24 -8.117 -2.6143 -23.6869 -9.7466 -0.001 -24 -8.4057
3 16 -0.001 -24 -8.4057 -2.6143 -23.6869 -9.7466 -0.0016 -23.7089 -10.1057
3 16 -0.001 -24 -8.4057 0 -24 -6.25 -2.176 -24 -8.117
3 16 -2.176 -24 -8.117 0 -24 -6.25 -3.125 -24 -5.4127
3 16 -4.2021 -24 -7.2762 -5.0432 -23.6749 -8.7307 -2.176 -24 -8.117
3 16 -2.176 -24 -8.117 -5.0432 -23.6749 -8.7307 -2.6143 -23.6869 -9.7466
3 16 -4.2021 -24 -7.2762 -2.176 -24 -8.117 -3.125 -24 -5.4127
3 16 -4.2021 -24 -7.2762 -5.9418 -24 -5.9403 -5.0432 -23.6749 -8.7307
3 16 -5.0432 -23.6749 -8.7307 -5.9418 -24 -5.9403 -7.1285 -23.6693 -7.1263
3 16 -5.9418 -24 -5.9403 -4.2021 -24 -7.2762 -3.125 -24 -5.4127
3 16 -5.9418 -24 -5.9403 -7.2773 -24 -4.2003 -7.1285 -23.6693 -7.1263
3 16 -7.1285 -23.6693 -7.1263 -7.2773 -24 -4.2003 -8.7323 -23.6749 -5.0403
3 16 -7.2773 -24 -4.2003 -5.9418 -24 -5.9403 -5.4127 -24 -3.125
3 16 -5.4127 -24 -3.125 -5.9418 -24 -5.9403 -3.125 -24 -5.4127
3 16 -7.2773 -24 -4.2003 -8.1175 -24 -2.174 -8.7323 -23.6749 -5.0403
3 16 -8.7323 -23.6749 -5.0403 -8.1175 -24 -2.174 -9.7473 -23.6868 -2.6112
3 16 -7.2773 -24 -4.2003 -5.4127 -24 -3.125 -8.1175 -24 -2.174
3 16 -8.1175 -24 -2.174 -5.4127 -24 -3.125 -6.25 -24 0
3 16 -8.1175 -24 -2.174 -8.4057 -24 0.001 -9.7473 -23.6868 -2.6112
3 16 -9.7473 -23.6868 -2.6112 -8.4057 -24 0.001 -10.1057 -23.7089 0.0016
3 16 -8.4057 -24 0.001 -8.1175 -24 -2.174 -6.25 -24 0
3 16 -8.117 -24 2.176 -9.7466 -23.6869 2.6143 -8.4057 -24 0.001
3 16 -8.4057 -24 0.001 -9.7466 -23.6869 2.6143 -10.1057 -23.7089 0.0016
3 16 -8.117 -24 2.176 -8.4057 -24 0.001 -6.25 -24 0
3 16 -7.2762 -24 4.2021 -8.7307 -23.6749 5.0432 -8.117 -24 2.176
3 16 -8.117 -24 2.176 -8.7307 -23.6749 5.0432 -9.7466 -23.6869 2.6143
3 16 -7.2762 -24 4.2021 -8.117 -24 2.176 -5.4127 -24 3.125
3 16 -5.4127 -24 3.125 -8.117 -24 2.176 -6.25 -24 0
3 16 -7.2762 -24 4.2021 -5.9403 -24 5.9418 -8.7307 -23.6749 5.0432
3 16 -8.7307 -23.6749 5.0432 -5.9403 -24 5.9418 -7.1263 -23.6693 7.1285
3 16 -7.2762 -24 4.2021 -5.4127 -24 3.125 -5.9403 -24 5.9418
3 16 -5.9403 -24 5.9418 -5.4127 -24 3.125 -3.125 -24 5.4127
3 16 -5.9403 -24 5.9418 -4.2003 -24 7.2773 -7.1263 -23.6693 7.1285
3 16 -7.1263 -23.6693 7.1285 -4.2003 -24 7.2773 -5.0403 -23.6749 8.7323
3 16 -4.2003 -24 7.2773 -5.9403 -24 5.9418 -3.125 -24 5.4127
3 16 -4.2003 -24 7.2773 -2.174 -24 8.1175 -5.0403 -23.6749 8.7323
3 16 -5.0403 -23.6749 8.7323 -2.174 -24 8.1175 -2.6112 -23.6868 9.7473
3 16 -2.174 -24 8.1175 -4.2003 -24 7.2773 -3.125 -24 5.4127
3 16 -2.174 -24 8.1175 0.001 -24 8.4057 -2.6112 -23.6868 9.7473
3 16 -2.6112 -23.6868 9.7473 0.001 -24 8.4057 0.0016 -23.7089 10.1057
3 16 0.001 -24 8.4057 -2.174 -24 8.1175 0 -24 6.25
3 16 0 -24 6.25 -2.174 -24 8.1175 -3.125 -24 5.4127
3 16 2.176 -24 8.117 2.6143 -23.6869 9.7466 0.001 -24 8.4057
3 16 0.001 -24 8.4057 2.6143 -23.6869 9.7466 0.0016 -23.7089 10.1057
3 16 0.001 -24 8.4057 0 -24 6.25 2.176 -24 8.117
3 16 2.176 -24 8.117 0 -24 6.25 3.125 -24 5.4127
3 16 4.2021 -24 7.2762 5.0432 -23.6749 8.7307 2.176 -24 8.117
3 16 2.176 -24 8.117 5.0432 -23.6749 8.7307 2.6143 -23.6869 9.7466
3 16 4.2021 -24 7.2762 2.176 -24 8.117 3.125 -24 5.4127
3 16 4.2021 -24 7.2762 5.9418 -24 5.9403 5.0432 -23.6749 8.7307
3 16 5.0432 -23.6749 8.7307 5.9418 -24 5.9403 7.1285 -23.6693 7.1263
3 16 5.9418 -24 5.9403 4.2021 -24 7.2762 3.125 -24 5.4127
3 16 5.9418 -24 5.9403 7.2773 -24 4.2003 7.1285 -23.6693 7.1263
3 16 7.1285 -23.6693 7.1263 7.2773 -24 4.2003 8.7323 -23.6749 5.0403
3 16 7.2773 -24 4.2003 5.9418 -24 5.9403 5.4127 -24 3.125
3 16 5.4127 -24 3.125 5.9418 -24 5.9403 3.125 -24 5.4127
3 16 7.2773 -24 4.2003 8.1175 -24 2.174 8.7323 -23.6749 5.0403
3 16 8.7323 -23.6749 5.0403 8.1175 -24 2.174 9.7473 -23.6868 2.6112
3 16 7.2773 -24 4.2003 5.4127 -24 3.125 8.1175 -24 2.174
3 16 8.1175 -24 2.174 5.4127 -24 3.125 6.25 -24 0
3 16 8.4057 -24 -0.001 8.1175 -24 2.174 6.25 -24 0
3 16 8.1175 -24 2.174 8.4057 -24 -0.001 9.7473 -23.6868 2.6112
3 16 9.7473 -23.6868 2.6112 8.4057 -24 -0.001 10.1057 -23.7089 -0.0016
3 16 13.2746 -19.7499 -0.0023 12.6347 -21.3787 -0.0022 12.7342 -19.744 -3.4145
3 16 12.7342 -19.744 -3.4145 12.6347 -21.3787 -0.0022 12.1402 -21.3569 -3.2552
3 16 12.7342 -19.744 -3.4145 12.1402 -21.3569 -3.2552 11.3695 -19.7404 -6.5668
3 16 11.3695 -19.7404 -6.5668 12.1402 -21.3569 -3.2552 10.85 -21.3439 -6.2667
3 16 11.3695 -19.7404 -6.5668 10.85 -21.3439 -6.2667 9.2697 -19.7392 -9.2729
3 16 9.2697 -19.7392 -9.2729 10.85 -21.3439 -6.2667 8.849 -21.3395 -8.8521
3 16 6.5627 -19.7404 -11.3716 9.2697 -19.7392 -9.2729 6.2629 -21.3438 -10.852
3 16 6.2629 -21.3438 -10.852 9.2697 -19.7392 -9.2729 8.849 -21.3395 -8.8521
3 16 3.4099 -19.744 -12.7349 6.5627 -19.7404 -11.3716 3.2509 -21.3568 -12.141
3 16 3.2509 -21.3568 -12.141 6.5627 -19.7404 -11.3716 6.2629 -21.3438 -10.852
3 16 -0.0023 -19.7499 -13.2746 3.4099 -19.744 -12.7349 -0.0022 -21.3787 -12.6347
3 16 -0.0022 -21.3787 -12.6347 3.4099 -19.744 -12.7349 3.2509 -21.3568 -12.141
3 16 -0.0023 -19.7499 -13.2746 -0.0022 -21.3787 -12.6347 -3.4145 -19.744 -12.7342
3 16 -3.4145 -19.744 -12.7342 -0.0022 -21.3787 -12.6347 -3.2552 -21.3569 -12.1402
3 16 -3.4145 -19.744 -12.7342 -3.2552 -21.3569 -12.1402 -6.5627 -19.7404 -11.3716
3 16 -6.5627 -19.7404 -11.3716 -3.2552 -21.3569 -12.1402 -6.2667 -21.3439 -10.85
3 16 -6.5627 -19.7404 -11.3716 -6.2667 -21.3439 -10.85 -9.2729 -19.7392 -9.2697
3 16 -9.2729 -19.7392 -9.2697 -6.2667 -21.3439 -10.85 -8.8521 -21.3395 -8.849
3 16 -11.3716 -19.7404 -6.5627 -9.2729 -19.7392 -9.2697 -10.852 -21.3438 -6.2629
3 16 -10.852 -21.3438 -6.2629 -9.2729 -19.7392 -9.2697 -8.8521 -21.3395 -8.849
3 16 -12.7349 -19.744 -3.4099 -11.3716 -19.7404 -6.5627 -12.141 -21.3568 -3.2509
3 16 -12.141 -21.3568 -3.2509 -11.3716 -19.7404 -6.5627 -10.852 -21.3438 -6.2629
3 16 -13.2746 -19.7499 0.0023 -12.7349 -19.744 -3.4099 -12.6347 -21.3787 0.0022
3 16 -12.6347 -21.3787 0.0022 -12.7349 -19.744 -3.4099 -12.141 -21.3568 -3.2509
3 16 -13.2746 -19.7499 0.0023 -12.6347 -21.3787 0.0022 -12.7342 -19.744 3.4145
3 16 -12.7342 -19.744 3.4145 -12.6347 -21.3787 0.0022 -12.1402 -21.3569 3.2552
3 16 -12.7342 -19.744 3.4145 -12.1402 -21.3569 3.2552 -11.3695 -19.7404 6.5668
3 16 -11.3695 -19.7404 6.5668 -12.1402 -21.3569 3.2552 -10.85 -21.3439 6.2667
3 16 -11.3695 -19.7404 6.5668 -10.85 -21.3439 6.2667 -9.2697 -19.7392 9.2729
3 16 -9.2697 -19.7392 9.2729 -10.85 -21.3439 6.2667 -8.849 -21.3395 8.8521
3 16 -6.5627 -19.7404 11.3716 -9.2697 -19.7392 9.2729 -6.2629 -21.3438 10.852
3 16 -6.2629 -21.3438 10.852 -9.2697 -19.7392 9.2729 -8.849 -21.3395 8.8521
3 16 -3.4099 -19.744 12.7349 -6.5627 -19.7404 11.3716 -3.2509 -21.3568 12.141
3 16 -3.2509 -21.3568 12.141 -6.5627 -19.7404 11.3716 -6.2629 -21.3438 10.852
3 16 0.0023 -19.7499 13.2746 -3.4099 -19.744 12.7349 0.0022 -21.3787 12.6347
3 16 0.0022 -21.3787 12.6347 -3.4099 -19.744 12.7349 -3.2509 -21.3568 12.141
3 16 0.0023 -19.7499 13.2746 0.0022 -21.3787 12.6347 3.4145 -19.744 12.7342
3 16 3.4145 -19.744 12.7342 0.0022 -21.3787 12.6347 3.2552 -21.3569 12.1402
3 16 3.4145 -19.744 12.7342 3.2552 -21.3569 12.1402 6.5668 -19.7404 11.3695
3 16 6.5668 -19.7404 11.3695 3.2552 -21.3569 12.1402 6.2668 -21.3439 10.85
3 16 6.5668 -19.7404 11.3695 6.2668 -21.3439 10.85 9.2729 -19.7392 9.2697
3 16 9.2729 -19.7392 9.2697 6.2668 -21.3439 10.85 8.8521 -21.3395 8.849
3 16 11.3716 -19.7404 6.5627 9.2729 -19.7392 9.2697 10.852 -21.3438 6.2629
3 16 10.852 -21.3438 6.2629 9.2729 -19.7392 9.2697 8.8521 -21.3395 8.849
3 16 12.7349 -19.744 3.4099 11.3716 -19.7404 6.5627 12.141 -21.3568 3.2509
3 16 12.141 -21.3568 3.2509 11.3716 -19.7404 6.5627 10.852 -21.3438 6.2629
3 16 13.2746 -19.7499 -0.0023 12.7349 -19.744 3.4099 12.6347 -21.3787 -0.0022
3 16 12.6347 -21.3787 -0.0022 12.7349 -19.744 3.4099 12.141 -21.3568 3.2509
3 16 13.2746 -6.8716 -0.0023 12.7342 -6.8776 -3.4145 12.6225 -5.2485 -0.0022
3 16 12.6225 -5.2485 -0.0022 12.7342 -6.8776 -3.4145 12.1244 -5.2767 -3.251
3 16 12.7342 -6.8776 -3.4145 13.2746 -6.8716 -0.0023 12.7342 -19.744 -3.4145
3 16 12.7342 -19.744 -3.4145 13.2746 -6.8716 -0.0023 13.2746 -19.7499 -0.0023
3 16 12.7342 -6.8776 -3.4145 11.3695 -6.8813 -6.5668 12.1244 -5.2767 -3.251
3 16 12.1244 -5.2767 -3.251 11.3695 -6.8813 -6.5668 10.8335 -5.2937 -6.2573
3 16 11.3695 -6.8813 -6.5668 12.7342 -6.8776 -3.4145 11.3695 -19.7404 -6.5668
3 16 11.3695 -19.7404 -6.5668 12.7342 -6.8776 -3.4145 12.7342 -19.744 -3.4145
3 16 11.3695 -6.8813 -6.5668 9.2697 -6.8825 -9.2729 10.8335 -5.2937 -6.2573
3 16 10.8335 -5.2937 -6.2573 9.2697 -6.8825 -9.2729 8.835 -5.2993 -8.8381
3 16 9.2697 -6.8825 -9.2729 11.3695 -6.8813 -6.5668 9.2697 -19.7392 -9.2729
3 16 9.2697 -19.7392 -9.2729 11.3695 -6.8813 -6.5668 11.3695 -19.7404 -6.5668
3 16 6.5627 -6.8813 -11.3716 6.2534 -5.2938 -10.8355 9.2697 -6.8825 -9.2729
3 16 9.2697 -6.8825 -9.2729 6.2534 -5.2938 -10.8355 8.835 -5.2993 -8.8381
3 16 6.5627 -6.8813 -11.3716 9.2697 -6.8825 -9.2729 6.5627 -19.7404 -11.3716
3 16 6.5627 -19.7404 -11.3716 9.2697 -6.8825 -9.2729 9.2697 -19.7392 -9.2729
3 16 3.4099 -6.8777 -12.7349 3.2467 -5.2769 -12.1252 6.5627 -6.8813 -11.3716
3 16 6.5627 -6.8813 -11.3716 3.2467 -5.2769 -12.1252 6.2534 -5.2938 -10.8355
3 16 3.4099 -6.8777 -12.7349 6.5627 -6.8813 -11.3716 3.4099 -19.744 -12.7349
3 16 3.4099 -19.744 -12.7349 6.5627 -6.8813 -11.3716 6.5627 -19.7404 -11.3716
3 16 -0.0023 -6.8716 -13.2746 -0.0022 -5.2485 -12.6225 3.4099 -6.8777 -12.7349
3 16 3.4099 -6.8777 -12.7349 -0.0022 -5.2485 -12.6225 3.2467 -5.2769 -12.1252
3 16 -0.0023 -6.8716 -13.2746 3.4099 -6.8777 -12.7349 -0.0023 -19.7499 -13.2746
3 16 -0.0023 -19.7499 -13.2746 3.4099 -6.8777 -12.7349 3.4099 -19.744 -12.7349
3 16 -0.0023 -6.8716 -13.2746 -3.4145 -6.8776 -12.7342 -0.0022 -5.2485 -12.6225
3 16 -0.0022 -5.2485 -12.6225 -3.4145 -6.8776 -12.7342 -3.251 -5.2767 -12.1244
3 16 -3.4145 -6.8776 -12.7342 -0.0023 -6.8716 -13.2746 -3.4145 -19.744 -12.7342
3 16 -3.4145 -19.744 -12.7342 -0.0023 -6.8716 -13.2746 -0.0023 -19.7499 -13.2746
3 16 -3.4145 -6.8776 -12.7342 -6.5627 -6.8813 -11.3716 -3.251 -5.2767 -12.1244
3 16 -3.251 -5.2767 -12.1244 -6.5627 -6.8813 -11.3716 -6.2573 -5.2937 -10.8335
3 16 -6.5627 -6.8813 -11.3716 -3.4145 -6.8776 -12.7342 -6.5627 -19.7404 -11.3716
3 16 -6.5627 -19.7404 -11.3716 -3.4145 -6.8776 -12.7342 -3.4145 -19.744 -12.7342
3 16 -6.5627 -6.8813 -11.3716 -9.2729 -6.8825 -9.2697 -6.2573 -5.2937 -10.8335
3 16 -6.2573 -5.2937 -10.8335 -9.2729 -6.8825 -9.2697 -8.8381 -5.2993 -8.835
3 16 -9.2729 -6.8825 -9.2697 -6.5627 -6.8813 -11.3716 -9.2729 -19.7392 -9.2697
3 16 -9.2729 -19.7392 -9.2697 -6.5627 -6.8813 -11.3716 -6.5627 -19.7404 -11.3716
3 16 -11.3716 -6.8813 -6.5627 -10.8355 -5.2938 -6.2534 -9.2729 -6.8825 -9.2697
3 16 -9.2729 -6.8825 -9.2697 -10.8355 -5.2938 -6.2534 -8.8381 -5.2993 -8.835
3 16 -11.3716 -6.8813 -6.5627 -9.2729 -6.8825 -9.2697 -11.3716 -19.7404 -6.5627
3 16 -11.3716 -19.7404 -6.5627 -9.2729 -6.8825 -9.2697 -9.2729 -19.7392 -9.2697
3 16 -12.7349 -6.8777 -3.4099 -12.1252 -5.2769 -3.2467 -11.3716 -6.8813 -6.5627
3 16 -11.3716 -6.8813 -6.5627 -12.1252 -5.2769 -3.2467 -10.8355 -5.2938 -6.2534
3 16 -12.7349 -6.8777 -3.4099 -11.3716 -6.8813 -6.5627 -12.7349 -19.744 -3.4099
3 16 -12.7349 -19.744 -3.4099 -11.3716 -6.8813 -6.5627 -11.3716 -19.7404 -6.5627
3 16 -13.2746 -6.8716 0.0023 -12.6225 -5.2485 0.0022 -12.7349 -6.8777 -3.4099
3 16 -12.7349 -6.8777 -3.4099 -12.6225 -5.2485 0.0022 -12.1252 -5.2769 -3.2467
3 16 -13.2746 -6.8716 0.0023 -12.7349 -6.8777 -3.4099 -13.2746 -19.7499 0.0023
3 16 -13.2746 -19.7499 0.0023 -12.7349 -6.8777 -3.4099 -12.7349 -19.744 -3.4099
3 16 -13.2746 -6.8716 0.0023 -12.7342 -6.8776 3.4145 -12.6225 -5.2485 0.0022
3 16 -12.6225 -5.2485 0.0022 -12.7342 -6.8776 3.4145 -12.1244 -5.2767 3.251
3 16 -12.7342 -6.8776 3.4145 -13.2746 -6.8716 0.0023 -12.7342 -19.744 3.4145
3 16 -12.7342 -19.744 3.4145 -13.2746 -6.8716 0.0023 -13.2746 -19.7499 0.0023
3 16 -12.7342 -6.8776 3.4145 -11.3695 -6.8813 6.5668 -12.1244 -5.2767 3.251
3 16 -12.1244 -5.2767 3.251 -11.3695 -6.8813 6.5668 -10.8335 -5.2937 6.2573
3 16 -11.3695 -6.8813 6.5668 -12.7342 -6.8776 3.4145 -11.3695 -19.7404 6.5668
3 16 -11.3695 -19.7404 6.5668 -12.7342 -6.8776 3.4145 -12.7342 -19.744 3.4145
3 16 -11.3695 -6.8813 6.5668 -9.2697 -6.8825 9.2729 -10.8335 -5.2937 6.2573
3 16 -10.8335 -5.2937 6.2573 -9.2697 -6.8825 9.2729 -8.835 -5.2993 8.8381
3 16 -9.2697 -6.8825 9.2729 -11.3695 -6.8813 6.5668 -9.2697 -19.7392 9.2729
3 16 -9.2697 -19.7392 9.2729 -11.3695 -6.8813 6.5668 -11.3695 -19.7404 6.5668
3 16 -6.5627 -6.8813 11.3716 -6.2534 -5.2938 10.8355 -9.2697 -6.8825 9.2729
3 16 -9.2697 -6.8825 9.2729 -6.2534 -5.2938 10.8355 -8.835 -5.2993 8.8381
3 16 -6.5627 -6.8813 11.3716 -9.2697 -6.8825 9.2729 -6.5627 -19.7404 11.3716
3 16 -6.5627 -19.7404 11.3716 -9.2697 -6.8825 9.2729 -9.2697 -19.7392 9.2729
3 16 -3.4099 -6.8777 12.7349 -3.2467 -5.2769 12.1252 -6.5627 -6.8813 11.3716
3 16 -6.5627 -6.8813 11.3716 -3.2467 -5.2769 12.1252 -6.2534 -5.2938 10.8355
3 16 -3.4099 -6.8777 12.7349 -6.5627 -6.8813 11.3716 -3.4099 -19.744 12.7349
3 16 -3.4099 -19.744 12.7349 -6.5627 -6.8813 11.3716 -6.5627 -19.7404 11.3716
3 16 0.0023 -6.8716 13.2746 0.0022 -5.2485 12.6225 -3.4099 -6.8777 12.7349
3 16 -3.4099 -6.8777 12.7349 0.0022 -5.2485 12.6225 -3.2467 -5.2769 12.1252
3 16 0.0023 -6.8716 13.2746 -3.4099 -6.8777 12.7349 0.0023 -19.7499 13.2746
3 16 0.0023 -19.7499 13.2746 -3.4099 -6.8777 12.7349 -3.4099 -19.744 12.7349
3 16 0.0023 -6.8716 13.2746 3.4145 -6.8776 12.7342 0.0022 -5.2485 12.6225
3 16 0.0022 -5.2485 12.6225 3.4145 -6.8776 12.7342 3.251 -5.2767 12.1244
3 16 3.4145 -6.8776 12.7342 0.0023 -6.8716 13.2746 3.4145 -19.744 12.7342
3 16 3.4145 -19.744 12.7342 0.0023 -6.8716 13.2746 0.0023 -19.7499 13.2746
3 16 3.4145 -6.8776 12.7342 6.5668 -6.8813 11.3695 3.251 -5.2767 12.1244
3 16 3.251 -5.2767 12.1244 6.5668 -6.8813 11.3695 6.2573 -5.2937 10.8335
3 16 6.5668 -6.8813 11.3695 3.4145 -6.8776 12.7342 6.5668 -19.7404 11.3695
3 16 6.5668 -19.7404 11.3695 3.4145 -6.8776 12.7342 3.4145 -19.744 12.7342
3 16 6.5668 -6.8813 11.3695 9.2729 -6.8825 9.2697 6.2573 -5.2937 10.8335
3 16 6.2573 -5.2937 10.8335 9.2729 -6.8825 9.2697 8.8381 -5.2993 8.835
3 16 9.2729 -6.8825 9.2697 6.5668 -6.8813 11.3695 9.2729 -19.7392 9.2697
3 16 9.2729 -19.7392 9.2697 6.5668 -6.8813 11.3695 6.5668 -19.7404 11.3695
3 16 11.3716 -6.8813 6.5627 10.8355 -5.2938 6.2534 9.2729 -6.8825 9.2697
3 16 9.2729 -6.8825 9.2697 10.8355 -5.2938 6.2534 8.8381 -5.2993 8.835
3 16 11.3716 -6.8813 6.5627 9.2729 -6.8825 9.2697 11.3716 -19.7404 6.5627
3 16 11.3716 -19.7404 6.5627 9.2729 -6.8825 9.2697 9.2729 -19.7392 9.2697
3 16 12.7349 -6.8777 3.4099 12.1252 -5.2769 3.2467 11.3716 -6.8813 6.5627
3 16 11.3716 -6.8813 6.5627 12.1252 -5.2769 3.2467 10.8355 -5.2938 6.2534
3 16 12.7349 -6.8777 3.4099 11.3716 -6.8813 6.5627 12.7349 -19.744 3.4099
3 16 12.7349 -19.744 3.4099 11.3716 -6.8813 6.5627 11.3716 -19.7404 6.5627
3 16 13.2746 -6.8716 -0.0023 12.7349 -6.8777 3.4099 13.2746 -19.7499 -0.0023
3 16 13.2746 -19.7499 -0.0023 12.7349 -6.8777 3.4099 12.7349 -19.744 3.4099
3 16 13.2746 -6.8716 -0.0023 12.6225 -5.2485 -0.0022 12.7349 -6.8777 3.4099
3 16 12.7349 -6.8777 3.4099 12.6225 -5.2485 -0.0022 12.1252 -5.2769 3.2467
3 16 1.4049 -20.5974 -2.0823 -1.3983 -20.5974 -2.0823 6.25 -20.5974 0
3 16 6.25 -20.5974 0 -1.3983 -20.5974 -2.0823 -6.25 -20.5974 0
3 16 6.25 -20.5974 0 6.25 0 0 5.4127 -20.5974 -3.125
3 16 5.4127 -20.5974 -3.125 6.25 0 0 5.4127 0 -3.125
3 16 1.7978 -20.5974 -3.39 2.0786 -20.5974 -2.6723 3.125 -20.5974 -5.4127
3 16 3.125 -20.5974 -5.4127 2.0786 -20.5974 -2.6723 5.4127 -20.5974 -3.125
3 16 3.125 -20.5974 -5.4127 5.4127 -20.5974 -3.125 3.125 0 -5.4127
3 16 3.125 0 -5.4127 5.4127 -20.5974 -3.125 5.4127 0 -3.125
3 16 3.125 -20.5974 -5.4127 0 -20.5974 -6.25 1.022 -20.5974 -3.8691
3 16 1.022 -20.5974 -3.8691 0 -20.5974 -6.25 0 -20.5974 -4.0755
3 16 3.125 -20.5974 -5.4127 3.125 0 -5.4127 0 -20.5974 -6.25
3 16 0 -20.5974 -6.25 3.125 0 -5.4127 0 0 -6.25
3 16 -1.022 -20.5974 -3.8691 -3.125 -20.5974 -5.4127 -1.8047 -20.5974 -3.4004
3 16 0 -20.5974 -6.25 0 0 -6.25 -3.125 -20.5974 -5.4127
3 16 -3.125 -20.5974 -5.4127 0 0 -6.25 -3.125 0 -5.4127
3 16 -1.8047 -20.5974 -3.4004 -3.125 -20.5974 -5.4127 -2.1069 -20.5974 -2.6796
3 16 -2.1069 -20.5974 -2.6796 -3.125 -20.5974 -5.4127 -5.4127 -20.5974 -3.125
3 16 -3.125 -20.5974 -5.4127 -3.125 0 -5.4127 -5.4127 -20.5974 -3.125
3 16 -5.4127 -20.5974 -3.125 -3.125 0 -5.4127 -5.4127 0 -3.125
3 16 -6.25 -20.5974 0 -5.4127 -20.5974 -3.125 -6.25 0 0
3 16 -6.25 0 0 -5.4127 -20.5974 -3.125 -5.4127 0 -3.125
3 16 1.4049 -20.5974 2.0823 6.25 -20.5974 0 -1.3983 -20.5974 2.0823
3 16 -1.3983 -20.5974 2.0823 6.25 -20.5974 0 -6.25 -20.5974 0
3 16 -6.25 -20.5974 0 -6.25 0 0 -5.4127 -20.5974 3.125
3 16 -5.4127 -20.5974 3.125 -6.25 0 0 -5.4127 0 3.125
3 16 -3.125 -20.5974 5.4127 -5.4127 -20.5974 3.125 -3.125 0 5.4127
3 16 -3.125 0 5.4127 -5.4127 -20.5974 3.125 -5.4127 0 3.125
3 16 -3.125 -20.5974 5.4127 -3.125 0 5.4127 0 -20.5974 6.25
3 16 0 -20.5974 6.25 -3.125 0 5.4127 0 0 6.25
3 16 0 -20.5974 6.25 0 0 6.25 3.125 -20.5974 5.4127
3 16 3.125 -20.5974 5.4127 0 0 6.25 3.125 0 5.4127
3 16 3.125 -20.5974 5.4127 3.125 0 5.4127 5.4127 -20.5974 3.125
3 16 5.4127 -20.5974 3.125 3.125 0 5.4127 5.4127 0 3.125
3 16 6.25 -20.5974 0 5.4127 -20.5974 3.125 6.25 0 0
3 16 6.25 0 0 5.4127 -20.5974 3.125 5.4127 0 3.125
3 16 9.84 -3.0962 -0.0017 9.4951 -3.116 -2.546 8.25 -2.7751 -0.0006
3 16 8.25 -2.7751 -0.0006 9.4951 -3.116 -2.546 7.9687 -2.7751 -2.1358
3 16 7.969 -2.7751 2.1347 9.4959 -3.1161 2.5426 8.25 -2.7751 -0.0006
3 16 8.25 -2.7751 -0.0006 9.4959 -3.1161 2.5426 9.84 -3.0962 -0.0017
3 16 7.145 -2.7751 4.1245 8.5093 -3.1281 4.9108 7.969 -2.7751 2.1347
3 16 7.969 -2.7751 2.1347 8.5093 -3.1281 4.9108 9.4959 -3.1161 2.5426
3 16 5.8341 -2.7751 5.8332 6.9469 -3.1321 6.9445 7.145 -2.7751 4.1245
3 16 7.145 -2.7751 4.1245 6.9469 -3.1321 6.9445 8.5093 -3.1281 4.9108
3 16 4.1255 -2.7751 7.1444 4.9138 -3.1281 8.5076 5.8341 -2.7751 5.8332
3 16 5.8341 -2.7751 5.8332 4.9138 -3.1281 8.5076 6.9469 -3.1321 6.9445
3 16 2.1358 -2.7751 7.9687 2.546 -3.116 9.4951 4.1255 -2.7751 7.1444
3 16 4.1255 -2.7751 7.1444 2.546 -3.116 9.4951 4.9138 -3.1281 8.5076
3 16 0.0017 -3.0962 9.84 2.546 -3.116 9.4951 0.0006 -2.7751 8.25
3 16 0.0006 -2.7751 8.25 2.546 -3.116 9.4951 2.1358 -2.7751 7.9687
3 16 -2.1347 -2.7751 7.969 -2.5426 -3.1161 9.4959 0.0006 -2.7751 8.25
3 16 0.0006 -2.7751 8.25 -2.5426 -3.1161 9.4959 0.0017 -3.0962 9.84
3 16 -4.1245 -2.7751 7.145 -4.9108 -3.1281 8.5093 -2.1347 -2.7751 7.969
3 16 -2.1347 -2.7751 7.969 -4.9108 -3.1281 8.5093 -2.5426 -3.1161 9.4959
3 16 -5.8332 -2.7751 5.8341 -6.9445 -3.1321 6.9469 -4.1245 -2.7751 7.145
3 16 -4.1245 -2.7751 7.145 -6.9445 -3.1321 6.9469 -4.9108 -3.1281 8.5093
3 16 -7.1444 -2.7751 4.1255 -8.5076 -3.1281 4.9138 -5.8332 -2.7751 5.8341
3 16 -5.8332 -2.7751 5.8341 -8.5076 -3.1281 4.9138 -6.9445 -3.1321 6.9469
3 16 -7.9687 -2.7751 2.1358 -9.4951 -3.116 2.546 -7.1444 -2.7751 4.1255
3 16 -7.1444 -2.7751 4.1255 -9.4951 -3.116 2.546 -8.5076 -3.1281 4.9138
3 16 -9.84 -3.0962 0.0017 -9.4951 -3.116 2.546 -8.25 -2.7751 0.0006
3 16 -8.25 -2.7751 0.0006 -9.4951 -3.116 2.546 -7.9687 -2.7751 2.1358
3 16 -7.969 -2.7751 -2.1347 -9.4959 -3.1161 -2.5426 -8.25 -2.7751 0.0006
3 16 -8.25 -2.7751 0.0006 -9.4959 -3.1161 -2.5426 -9.84 -3.0962 0.0017
3 16 -7.145 -2.7751 -4.1245 -8.5093 -3.1281 -4.9108 -7.969 -2.7751 -2.1347
3 16 -7.969 -2.7751 -2.1347 -8.5093 -3.1281 -4.9108 -9.4959 -3.1161 -2.5426
3 16 -5.8341 -2.7751 -5.8332 -6.9469 -3.1321 -6.9445 -7.145 -2.7751 -4.1245
3 16 -7.145 -2.7751 -4.1245 -6.9469 -3.1321 -6.9445 -8.5093 -3.1281 -4.9108
3 16 -4.1255 -2.7751 -7.1444 -4.9138 -3.1281 -8.5076 -5.8341 -2.7751 -5.8332
3 16 -5.8341 -2.7751 -5.8332 -4.9138 -3.1281 -8.5076 -6.9469 -3.1321 -6.9445
3 16 -2.1358 -2.7751 -7.9687 -2.546 -3.116 -9.4951 -4.1255 -2.7751 -7.1444
3 16 -4.1255 -2.7751 -7.1444 -2.546 -3.116 -9.4951 -4.9138 -3.1281 -8.5076
3 16 -0.0017 -3.0962 -9.84 -2.546 -3.116 -9.4951 -0.0006 -2.7751 -8.25
3 16 -0.0006 -2.7751 -8.25 -2.546 -3.116 -9.4951 -2.1358 -2.7751 -7.9687
3 16 2.1347 -2.7751 -7.969 2.5426 -3.1161 -9.4959 -0.0006 -2.7751 -8.25
3 16 -0.0006 -2.7751 -8.25 2.5426 -3.1161 -9.4959 -0.0017 -3.0962 -9.84
3 16 4.1245 -2.7751 -7.145 4.9108 -3.1281 -8.5093 2.1347 -2.7751 -7.969
3 16 2.1347 -2.7751 -7.969 4.9108 -3.1281 -8.5093 2.5426 -3.1161 -9.4959
3 16 5.8332 -2.7751 -5.8341 6.9443 -3.1329 -6.9468 4.1245 -2.7751 -7.145
3 16 4.1245 -2.7751 -7.145 6.9443 -3.1329 -6.9468 4.9108 -3.1281 -8.5093
3 16 7.1444 -2.7751 -4.1255 8.5073 -3.129 -4.9137 5.8332 -2.7751 -5.8341
3 16 5.8332 -2.7751 -5.8341 8.5073 -3.129 -4.9137 6.9443 -3.1329 -6.9468
3 16 7.9687 -2.7751 -2.1358 9.4951 -3.116 -2.546 7.1444 -2.7751 -4.1255
3 16 7.1444 -2.7751 -4.1255 9.4951 -3.116 -2.546 8.5073 -3.129 -4.9137
3 16 -3.5295 -23.46 -2.0378 -2.0378 -23.46 -3.5295 -2.1069 -23.46 -2.6796
3 16 -2.1069 -23.46 -2.6796 -2.0378 -23.46 -3.5295 -1.8047 -23.46 -3.4004
3 16 -4.0755 -23.46 0 -3.5295 -23.46 -2.0378 -1.3983 -23.46 -2.0823
3 16 -1.3983 -23.46 -2.0823 -3.5295 -23.46 -2.0378 -2.1069 -23.46 -2.6796
3 16 -3.5295 -23.46 2.0378 -2.1069 -23.46 2.6796 -2.0378 -23.46 3.5295
3 16 -2.0378 -23.46 3.5295 -2.1069 -23.46 2.6796 -1.8047 -23.46 3.4004
3 16 1.4049 -23.46 2.0823 -1.3983 -23.46 2.0823 4.0755 -23.46 0
3 16 4.0755 -23.46 0 -1.3983 -23.46 2.0823 -4.0755 -23.46 0
3 16 3.5295 -23.46 -2.0378 2.0786 -23.46 -2.6723 2.0378 -23.46 -3.5295
3 16 2.0378 -23.46 -3.5295 2.0786 -23.46 -2.6723 1.7978 -23.46 -3.39
3 16 1.022 -20.5974 -3.8691 1.7978 -20.5974 -3.39 3.125 -20.5974 -5.4127
3 16 0 -20.5974 -4.0755 0 -20.5974 -6.25 -1.022 -20.5974 -3.8691
3 16 -1.022 -20.5974 -3.8691 0 -20.5974 -6.25 -3.125 -20.5974 -5.4127
3 16 -1.022 -20.5974 3.8691 -1.8047 -20.5974 3.4004 -3.125 -20.5974 5.4127
3 16 0 -20.5974 4.0755 0 -20.5974 6.25 1.022 -20.5974 3.8691
3 16 1.022 -20.5974 3.8691 0 -20.5974 6.25 3.125 -20.5974 5.4127
3 16 -1.3983 -20.5974 -2.0823 -2.1069 -20.5974 -2.6796 -6.25 -20.5974 0
3 16 -6.25 -20.5974 0 -2.1069 -20.5974 -2.6796 -5.4127 -20.5974 -3.125
3 16 -1.3983 -20.5974 2.0823 -6.25 -20.5974 0 -2.1069 -20.5974 2.6796
3 16 -2.1069 -20.5974 2.6796 -6.25 -20.5974 0 -5.4127 -20.5974 3.125
3 16 1.4049 -20.5974 2.0823 2.0786 -20.5974 2.6723 6.25 -20.5974 0
3 16 6.25 -20.5974 0 2.0786 -20.5974 2.6723 5.4127 -20.5974 3.125
3 16 1.4049 -20.5974 -2.0823 6.25 -20.5974 0 2.0786 -20.5974 -2.6723
3 16 2.0786 -20.5974 -2.6723 6.25 -20.5974 0 5.4127 -20.5974 -3.125
3 16 4.0755 -23.46 0 1.4049 -23.46 -2.0823 3.5295 -23.46 -2.0378
3 16 3.5295 -23.46 -2.0378 1.4049 -23.46 -2.0823 2.0786 -23.46 -2.6723
3 16 4.0755 -23.46 0 3.5295 -23.46 2.0378 1.4049 -23.46 2.0823
3 16 1.4049 -23.46 2.0823 3.5295 -23.46 2.0378 2.0786 -23.46 2.6723
3 16 -4.0755 -23.46 0 -1.3983 -23.46 2.0823 -3.5295 -23.46 2.0378
3 16 -3.5295 -23.46 2.0378 -1.3983 -23.46 2.0823 -2.1069 -23.46 2.6796
3 16 -5.4127 0 -3.125 -7.9689 0 -2.1353 -6.25 0 0
3 16 -6.25 0 0 -7.9689 0 -2.1353 -8.25 0 0
3 16 -4.125 0 -7.1447 -5.8336 0 -5.8336 -3.125 0 -5.4127
3 16 -3.125 0 -5.4127 -5.8336 0 -5.8336 -5.4127 0 -3.125
3 16 0 0 -6.25 -2.1353 0 -7.9689 -3.125 0 -5.4127
3 16 -3.125 0 -5.4127 -2.1353 0 -7.9689 -4.125 0 -7.1447
3 16 4.125 0 -7.1447 2.1353 0 -7.9689 3.125 0 -5.4127
3 16 3.125 0 -5.4127 2.1353 0 -7.9689 0 0 -6.25
3 16 5.4127 0 -3.125 5.8336 0 -5.8336 3.125 0 -5.4127
3 16 3.125 0 -5.4127 5.8336 0 -5.8336 4.125 0 -7.1447
3 16 8.25 0 0 7.9689 0 -2.1353 6.25 0 0
3 16 6.25 0 0 7.9689 0 -2.1353 5.4127 0 -3.125
3 16 5.4127 0 3.125 7.9689 0 2.1353 6.25 0 0
3 16 6.25 0 0 7.9689 0 2.1353 8.25 0 0
3 16 4.125 0 7.1447 5.8336 0 5.8336 3.125 0 5.4127
3 16 3.125 0 5.4127 5.8336 0 5.8336 5.4127 0 3.125
3 16 0 0 6.25 2.1353 0 7.9689 3.125 0 5.4127
3 16 3.125 0 5.4127 2.1353 0 7.9689 4.125 0 7.1447
3 16 -4.125 0 7.1447 -2.1353 0 7.9689 -3.125 0 5.4127
3 16 -3.125 0 5.4127 -2.1353 0 7.9689 0 0 6.25
3 16 -5.4127 0 3.125 -5.8336 0 5.8336 -3.125 0 5.4127
3 16 -3.125 0 5.4127 -5.8336 0 5.8336 -4.125 0 7.1447
3 16 -8.25 0 0 -7.9689 0 2.1353 -6.25 0 0
3 16 -6.25 0 0 -7.9689 0 2.1353 -5.4127 0 3.125
3 16 -10.852 -21.3438 -6.2629 -8.8521 -21.3395 -8.849 -9.9543 -22.7739 -5.7454
3 16 -9.9543 -22.7739 -5.7454 -8.8521 -21.3395 -8.849 -8.1241 -22.7674 -8.1212
2 24 7.9689 0 -2.1353 8.25 0 0
2 24 7.9687 -2.7751 -2.1358 8.25 -2.7751 -0.0006
2 24 7.9689 0 -2.1353 7.1447 0 -4.125
2 24 7.9687 -2.7751 -2.1358 7.1444 -2.7751 -4.1255
2 24 7.1447 0 -4.125 5.8336 0 -5.8336
2 24 7.1444 -2.7751 -4.1255 5.8332 -2.7751 -5.8341
2 24 5.8336 0 -5.8336 4.125 0 -7.1447
2 24 5.8332 -2.7751 -5.8341 4.1245 -2.7751 -7.145
2 24 4.125 0 -7.1447 2.1353 0 -7.9689
2 24 4.1245 -2.7751 -7.145 2.1347 -2.7751 -7.969
2 24 2.1353 0 -7.9689 0 0 -8.25
2 24 2.1347 -2.7751 -7.969 -0.0006 -2.7751 -8.25
2 24 0 0 -8.25 -2.1353 0 -7.9689
2 24 -0.0006 -2.7751 -8.25 -2.1358 -2.7751 -7.9687
2 24 -2.1353 0 -7.9689 -4.125 0 -7.1447
2 24 -2.1358 -2.7751 -7.9687 -4.1255 -2.7751 -7.1444
2 24 -4.125 0 -7.1447 -5.8336 0 -5.8336
2 24 -4.1255 -2.7751 -7.1444 -5.8341 -2.7751 -5.8332
2 24 -5.8336 0 -5.8336 -7.1447 0 -4.125
2 24 -5.8341 -2.7751 -5.8332 -7.145 -2.7751 -4.1245
2 24 -7.1447 0 -4.125 -7.9689 0 -2.1353
2 24 -7.145 -2.7751 -4.1245 -7.969 -2.7751 -2.1347
2 24 -7.9689 0 -2.1353 -8.25 0 0
2 24 -7.969 -2.7751 -2.1347 -8.25 -2.7751 0.0006
2 24 -8.25 0 0 -7.9689 0 2.1353
2 24 -8.25 -2.7751 0.0006 -7.9687 -2.7751 2.1358
2 24 -7.9689 0 2.1353 -7.1447 0 4.125
2 24 -7.9687 -2.7751 2.1358 -7.1444 -2.7751 4.1255
2 24 -7.1447 0 4.125 -5.8336 0 5.8336
2 24 -7.1444 -2.7751 4.1255 -5.8332 -2.7751 5.8341
2 24 -5.8336 0 5.8336 -4.125 0 7.1447
2 24 -5.8332 -2.7751 5.8341 -4.1245 -2.7751 7.145
2 24 -4.125 0 7.1447 -2.1353 0 7.9689
2 24 -4.1245 -2.7751 7.145 -2.1347 -2.7751 7.969
2 24 -2.1353 0 7.9689 0 0 8.25
2 24 -2.1347 -2.7751 7.969 0.0006 -2.7751 8.25
2 24 0 0 8.25 2.1353 0 7.9689
2 24 0.0006 -2.7751 8.25 2.1358 -2.7751 7.9687
2 24 2.1353 0 7.9689 4.125 0 7.1447
2 24 2.1358 -2.7751 7.9687 4.1255 -2.7751 7.1444
2 24 4.125 0 7.1447 5.8336 0 5.8336
2 24 4.1255 -2.7751 7.1444 5.8341 -2.7751 5.8332
2 24 5.8336 0 5.8336 7.1447 0 4.125
2 24 5.8341 -2.7751 5.8332 7.145 -2.7751 4.1245
2 24 7.1447 0 4.125 7.9689 0 2.1353
2 24 7.145 -2.7751 4.1245 7.969 -2.7751 2.1347
2 24 8.25 0 0 7.9689 0 2.1353
2 24 8.25 -2.7751 -0.0006 7.969 -2.7751 2.1347
2 24 0 -28.45 -6.252 3.126 -28.45 -5.4144
2 24 0 -28.45 -4.0755 2.0378 -28.45 -3.5295
2 24 3.126 -28.45 -5.4144 5.4144 -28.45 -3.126
2 24 2.0378 -28.45 -3.5295 3.5295 -28.45 -2.0378
2 24 5.4144 -28.45 -3.126 6.252 -28.45 0
2 24 3.5295 -28.45 -2.0378 4.0755 -28.45 0
2 24 0 -28.45 6.252 -3.126 -28.45 5.4144
2 24 0 -28.45 4.0755 -2.0378 -28.45 3.5295
2 24 -3.126 -28.45 5.4144 -5.4144 -28.45 3.126
2 24 -2.0378 -28.45 3.5295 -3.5295 -28.45 2.0378
2 24 -5.4144 -28.45 3.126 -6.252 -28.45 0
2 24 -3.5295 -28.45 2.0378 -4.0755 -28.45 0
2 24 6.252 -28.45 0 5.4144 -28.45 3.126
2 24 4.0755 -28.45 0 3.5295 -28.45 2.0378
2 24 5.4144 -28.45 3.126 3.126 -28.45 5.4144
2 24 3.5295 -28.45 2.0378 2.0378 -28.45 3.5295
2 24 -6.252 -28.45 0 -5.4144 -28.45 -3.126
2 24 -4.0755 -28.45 0 -3.5295 -28.45 -2.0378
2 24 -5.4144 -28.45 -3.126 -3.126 -28.45 -5.4144
2 24 -3.5295 -28.45 -2.0378 -2.0378 -28.45 -3.5295
2 24 2.0378 -28.45 -3.5295 3.5295 -28.45 -2.0378
2 24 2.0378 -23.46 -3.5295 3.5295 -23.46 -2.0378
2 24 3.5295 -28.45 -2.0378 4.0755 -28.45 0
2 24 3.5295 -23.46 -2.0378 4.0755 -23.46 0
2 24 -2.0378 -23.46 3.5295 -1.022 -23.46 3.8691
2 24 -2.0378 -28.45 3.5295 0 -28.45 4.0755
2 24 -2.0378 -28.45 3.5295 -3.5295 -28.45 2.0378
2 24 -2.0378 -23.46 3.5295 -3.5295 -23.46 2.0378
2 24 -3.5295 -23.46 2.0378 -4.0755 -23.46 0
2 24 -3.5295 -28.45 2.0378 -4.0755 -28.45 0
2 24 4.0755 -23.46 0 3.5295 -23.46 2.0378
2 24 4.0755 -28.45 0 3.5295 -28.45 2.0378
2 24 3.5295 -28.45 2.0378 2.0378 -28.45 3.5295
2 24 3.5295 -23.46 2.0378 2.0377 -23.46 3.5295
2 24 -4.0755 -28.45 0 -3.5295 -28.45 -2.0378
2 24 -4.0755 -23.46 0 -3.5295 -23.46 -2.0378
2 24 -3.5295 -28.45 -2.0378 -2.0378 -28.45 -3.5295
2 24 -3.5295 -23.46 -2.0378 -2.0378 -23.46 -3.5295
2 24 3.5295 -23.46 2.0378 2.0377 -23.46 3.5295
2 24 2.0786 -23.46 2.6723 1.7978 -23.46 3.39
2 24 7.9689 0 -2.1353 7.1447 0 -4.125
2 24 7.1447 0 -4.125 5.8336 0 -5.8336
2 24 2.1353 0 -7.9689 0 0 -8.25
2 24 0 0 -8.25 -2.1353 0 -7.9689
2 24 -5.8336 0 -5.8336 -7.1447 0 -4.125
2 24 -7.1447 0 -4.125 -7.9689 0 -2.1353
2 24 -7.9689 0 2.1353 -7.1447 0 4.125
2 24 -7.1447 0 4.125 -5.8336 0 5.8336
2 24 -2.1353 0 7.9689 0 0 8.25
2 24 0 0 8.25 2.1353 0 7.9689
2 24 5.8336 0 5.8336 7.1447 0 4.125
2 24 7.1447 0 4.125 7.9689 0 2.1353
2 24 -1.022 -23.46 -3.8691 -1.8047 -23.46 -3.4004
2 24 -1.022 -23.46 -3.8691 -2.0378 -23.46 -3.5295
2 24 -1.022 -23.46 3.8691 -2.0378 -23.46 3.5295
2 24 -1.8047 -23.46 3.4004 -1.022 -23.46 3.8691
2 24 1.7978 -23.46 3.39 1.022 -23.46 3.8691
2 24 2.0377 -23.46 3.5295 1.022 -23.46 3.8691
2 24 1.022 -23.46 -3.8691 2.0378 -23.46 -3.5295
2 24 1.022 -23.46 -3.8691 1.7978 -23.46 -3.39
2 24 2.0378 -23.46 -3.5295 1.022 -23.46 -3.8691
2 24 2.0378 -28.45 -3.5295 0 -28.45 -4.0755
2 24 0 -28.45 4.0755 2.0378 -28.45 3.5295
2 24 0 -28.45 6.252 3.126 -28.45 5.4144
2 24 0 -28.45 -4.0755 -2.0378 -28.45 -3.5295
2 24 0 -28.45 -6.252 -3.126 -28.45 -5.4144
2 24 1.4049 -23.46 -2.0823 -1.3983 -23.46 -2.0823
2 24 2.0377 -23.46 3.5295 1.022 -23.46 3.8691
2 24 0 -28.45 4.0755 2.0378 -28.45 3.5295
2 24 -2.0378 -23.46 -3.5295 -1.022 -23.46 -3.8691
2 24 -2.0378 -28.45 -3.5295 0 -28.45 -4.0755
2 24 1.4049 -23.46 2.0823 -1.3983 -23.46 2.0823
2 24 1.4049 -20.5974 2.0823 -1.3983 -20.5974 2.0823
2 24 1.022 -20.5974 3.8691 1.7978 -20.5974 3.39
2 24 1.022 -23.46 3.8691 1.7978 -23.46 3.39
2 24 1.7978 -20.5974 3.39 2.0786 -20.5974 2.6723
2 24 3.125 -20.5974 5.4127 5.4127 -20.5974 3.125
2 24 1.4049 -20.5974 2.0823 2.0786 -20.5974 2.6723
2 24 1.4049 -23.46 2.0823 2.0786 -23.46 2.6723
2 24 2.0786 -20.5974 2.6723 2.0786 -23.46 2.6723
2 24 -1.3983 -20.5974 -2.0823 -2.1069 -20.5974 -2.6796
2 24 -1.3983 -23.46 -2.0823 -2.1069 -23.46 -2.6796
2 24 -2.1069 -20.5974 -2.6796 -2.1069 -23.46 -2.6796
2 24 -1.3983 -20.5974 -2.0823 1.4049 -20.5974 -2.0823
2 24 -1.3983 -23.46 -2.0823 1.4049 -23.46 -2.0823
2 24 0 -20.5974 -4.0755 -1.022 -20.5974 -3.8691
2 24 0 -20.5974 -4.0755 1.022 -20.5974 -3.8691
2 24 1.7978 -20.5974 3.39 1.022 -20.5974 3.8691
2 24 1.022 -20.5974 3.8691 0 -20.5974 4.0755
2 24 0 -20.5974 4.0755 -1.022 -20.5974 3.8691
2 24 -3.125 -20.5974 5.4127 0 -20.5974 6.25
2 24 -1.022 -20.5974 3.8691 0 -20.5974 4.0755
2 24 -1.022 -20.5974 3.8691 -1.8047 -20.5974 3.4004
2 24 -1.022 -23.46 3.8691 -1.8047 -23.46 3.4004
2 24 -1.022 -20.5974 -3.8691 -1.8047 -20.5974 -3.4004
2 24 -1.022 -23.46 -3.8691 -1.8047 -23.46 -3.4004
2 24 1.022 -20.5974 -3.8691 1.7978 -20.5974 -3.39
2 24 1.022 -23.46 -3.8691 1.7978 -23.46 -3.39
2 24 1.7978 -20.5974 -3.39 2.0786 -20.5974 -2.6723
2 24 2.0786 -20.5974 -2.6723 2.0786 -23.46 -2.6723
2 24 1.7978 -23.46 -3.39 2.0786 -23.46 -2.6723
2 24 -1.8047 -20.5974 3.4004 -2.1069 -20.5974 2.6796
2 24 -3.125 -20.5974 5.4127 -5.4127 -20.5974 3.125
2 24 -1.8047 -20.5974 3.4004 -2.1069 -20.5974 2.6796
2 24 -2.1069 -20.5974 2.6796 -2.1069 -23.46 2.6796
2 24 -1.8047 -23.46 3.4004 -2.1069 -23.46 2.6796
2 24 1.7978 -20.5974 3.39 2.0786 -20.5974 2.6723
2 24 1.7978 -23.46 3.39 2.0786 -23.46 2.6723
2 24 1.4049 -20.5974 -2.0823 2.0786 -20.5974 -2.6723
2 24 1.4049 -23.46 -2.0823 2.0786 -23.46 -2.6723
2 24 -1.3983 -20.5974 2.0823 -2.1069 -20.5974 2.6796
2 24 -1.3983 -23.46 2.0823 -2.1069 -23.46 2.6796
2 24 -2.1069 -20.5974 -2.6796 -1.8047 -20.5974 -3.4004
2 24 -2.1069 -23.46 -2.6796 -1.8047 -23.46 -3.4004
2 24 5.4144 -28.45 3.126 3.126 -28.45 5.4144
2 24 5.4127 -24 3.125 3.125 -24 5.4127
2 24 3.125 -24 5.4127 0 -24 6.25
2 24 3.126 -28.45 5.4144 0 -28.45 6.252
2 24 0 -24 6.25 -3.125 -24 5.4127
2 24 0 -28.45 6.252 -3.126 -28.45 5.4144
2 24 -3.125 -24 5.4127 -5.4127 -24 3.125
2 24 -3.126 -28.45 5.4144 -5.4144 -28.45 3.126
2 24 -5.4127 -24 3.125 -6.25 -24 0
2 24 -5.4144 -28.45 3.126 -6.252 -28.45 0
2 24 -5.4127 -24 -3.125 -3.125 -24 -5.4127
2 24 -5.4144 -28.45 -3.126 -3.126 -28.45 -5.4144
2 24 -3.125 -24 -5.4127 0 -24 -6.25
2 24 -3.126 -28.45 -5.4144 0 -28.45 -6.252
2 24 0 -24 -6.25 3.125 -24 -5.4127
2 24 0 -28.45 -6.252 3.126 -28.45 -5.4144
2 24 3.125 -24 -5.4127 5.4127 -24 -3.125
2 24 3.126 -28.45 -5.4144 5.4144 -28.45 -3.126
2 24 5.4127 -24 -3.125 6.25 -24 0
2 24 5.4144 -28.45 -3.126 6.252 -28.45 0
2 24 -6.25 -24 0 -5.4127 -24 -3.125
2 24 -6.252 -28.45 0 -5.4144 -28.45 -3.126
2 24 5.4144 -28.45 3.126 6.252 -28.45 0
2 24 5.4127 -24 3.125 6.25 -24 0
2 24 5.4127 -24 -3.125 6.25 -24 0
2 24 5.4127 -24 -3.125 3.125 -24 -5.4127
2 24 3.125 -24 -5.4127 0 -24 -6.25
2 24 0 -24 -6.25 -3.125 -24 -5.4127
2 24 -3.125 -24 -5.4127 -5.4127 -24 -3.125
2 24 -5.4127 -24 -3.125 -6.25 -24 0
2 24 -6.25 -24 0 -5.4127 -24 3.125
2 24 -5.4127 -24 3.125 -3.125 -24 5.4127
2 24 -3.125 -24 5.4127 0 -24 6.25
2 24 0 -24 6.25 3.125 -24 5.4127
2 24 3.125 -24 5.4127 5.4127 -24 3.125
2 24 6.25 -24 0 5.4127 -24 3.125
2 24 1.4049 -20.5974 -2.0823 -1.3983 -20.5974 -2.0823
2 24 6.25 -20.5974 0 5.4127 -20.5974 -3.125
2 24 6.25 0 0 5.4127 0 -3.125
2 24 1.7978 -20.5974 -3.39 2.0786 -20.5974 -2.6723
2 24 3.125 -20.5974 -5.4127 5.4127 -20.5974 -3.125
2 24 5.4127 -20.5974 -3.125 3.125 -20.5974 -5.4127
2 24 5.4127 0 -3.125 3.125 0 -5.4127
2 24 3.125 -20.5974 -5.4127 0 -20.5974 -6.25
2 24 1.022 -20.5974 -3.8691 0 -20.5974 -4.0755
2 24 3.125 -20.5974 -5.4127 0 -20.5974 -6.25
2 24 3.125 0 -5.4127 0 0 -6.25
2 24 -1.022 -20.5974 -3.8691 -1.8047 -20.5974 -3.4004
2 24 0 -20.5974 -6.25 -3.125 -20.5974 -5.4127
2 24 0 0 -6.25 -3.125 0 -5.4127
2 24 -1.8047 -20.5974 -3.4004 -2.1069 -20.5974 -2.6796
2 24 -3.125 -20.5974 -5.4127 -5.4127 -20.5974 -3.125
2 24 -3.125 -20.5974 -5.4127 -5.4127 -20.5974 -3.125
2 24 -3.125 0 -5.4127 -5.4127 0 -3.125
2 24 -5.4127 -20.5974 -3.125 -6.25 -20.5974 0
2 24 -5.4127 0 -3.125 -6.25 0 0
2 24 1.4049 -20.5974 2.0823 -1.3983 -20.5974 2.0823
2 24 -6.25 -20.5974 0 -5.4127 -20.5974 3.125
2 24 -6.25 0 0 -5.4127 0 3.125
2 24 -5.4127 -20.5974 3.125 -3.125 -20.5974 5.4127
2 24 -5.4127 0 3.125 -3.125 0 5.4127
2 24 -3.125 -20.5974 5.4127 0 -20.5974 6.25
2 24 -3.125 0 5.4127 0 0 6.25
2 24 0 -20.5974 6.25 3.125 -20.5974 5.4127
2 24 0 0 6.25 3.125 0 5.4127
2 24 3.125 -20.5974 5.4127 5.4127 -20.5974 3.125
2 24 3.125 0 5.4127 5.4127 0 3.125
2 24 6.25 -20.5974 0 5.4127 -20.5974 3.125
2 24 6.25 0 0 5.4127 0 3.125
2 24 8.25 -2.7751 -0.0006 7.9687 -2.7751 -2.1358
2 24 8.25 -2.7751 -0.0006 7.969 -2.7751 2.1347
2 24 7.969 -2.7751 2.1347 7.145 -2.7751 4.1245
2 24 7.145 -2.7751 4.1245 5.8341 -2.7751 5.8332
2 24 5.8341 -2.7751 5.8332 4.1255 -2.7751 7.1444
2 24 4.1255 -2.7751 7.1444 2.1358 -2.7751 7.9687
2 24 2.1358 -2.7751 7.9687 0.0006 -2.7751 8.25
2 24 0.0006 -2.7751 8.25 -2.1347 -2.7751 7.969
2 24 -2.1347 -2.7751 7.969 -4.1245 -2.7751 7.145
2 24 -4.1245 -2.7751 7.145 -5.8332 -2.7751 5.8341
2 24 -5.8332 -2.7751 5.8341 -7.1444 -2.7751 4.1255
2 24 -7.1444 -2.7751 4.1255 -7.9687 -2.7751 2.1358
2 24 -7.9687 -2.7751 2.1358 -8.25 -2.7751 0.0006
2 24 -8.25 -2.7751 0.0006 -7.969 -2.7751 -2.1347
2 24 -7.969 -2.7751 -2.1347 -7.145 -2.7751 -4.1245
2 24 -7.145 -2.7751 -4.1245 -5.8341 -2.7751 -5.8332
2 24 -5.8341 -2.7751 -5.8332 -4.1255 -2.7751 -7.1444
2 24 -4.1255 -2.7751 -7.1444 -2.1358 -2.7751 -7.9687
2 24 -2.1358 -2.7751 -7.9687 -0.0006 -2.7751 -8.25
2 24 -0.0006 -2.7751 -8.25 2.1347 -2.7751 -7.969
2 24 2.1347 -2.7751 -7.969 4.1245 -2.7751 -7.145
2 24 4.1245 -2.7751 -7.145 5.8332 -2.7751 -5.8341
2 24 5.8332 -2.7751 -5.8341 7.1444 -2.7751 -4.1255
2 24 7.9687 -2.7751 -2.1358 7.1444 -2.7751 -4.1255
2 24 -2.0378 -23.46 -3.5295 -3.5295 -23.46 -2.0378
2 24 -1.8047 -23.46 -3.4004 -2.1069 -23.46 -2.6796
2 24 -4.0755 -23.46 0 -3.5295 -23.46 -2.0378
2 24 -1.3983 -23.46 -2.0823 -2.1069 -23.46 -2.6796
2 24 -2.0378 -23.46 3.5295 -3.5295 -23.46 2.0378
2 24 -1.8047 -23.46 3.4004 -2.1069 -23.46 2.6796
2 24 1.4049 -23.46 2.0823 -1.3983 -23.46 2.0823
2 24 2.0378 -23.46 -3.5295 3.5295 -23.46 -2.0378
2 24 1.7978 -23.46 -3.39 2.0786 -23.46 -2.6723
2 24 1.7978 -20.5974 -3.39 1.022 -20.5974 -3.8691
2 24 0 -20.5974 -4.0755 -1.022 -20.5974 -3.8691
2 24 0 -20.5974 -6.25 -3.125 -20.5974 -5.4127
2 24 -1.022 -20.5974 3.8691 -1.8047 -20.5974 3.4004
2 24 1.022 -20.5974 3.8691 0 -20.5974 4.0755
2 24 3.125 -20.5974 5.4127 0 -20.5974 6.25
2 24 -1.3983 -20.5974 -2.0823 -2.1069 -20.5974 -2.6796
2 24 -6.25 -20.5974 0 -5.4127 -20.5974 -3.125
2 24 -2.1069 -20.5974 2.6796 -1.3983 -20.5974 2.0823
2 24 -5.4127 -20.5974 3.125 -6.25 -20.5974 0
2 24 2.0786 -20.5974 2.6723 1.4049 -20.5974 2.0823
2 24 5.4127 -20.5974 3.125 6.25 -20.5974 0
2 24 1.4049 -20.5974 -2.0823 2.0786 -20.5974 -2.6723
2 24 6.25 -20.5974 0 5.4127 -20.5974 -3.125
2 24 4.0755 -23.46 0 3.5295 -23.46 -2.0378
2 24 1.4049 -23.46 -2.0823 2.0786 -23.46 -2.6723
2 24 3.5295 -23.46 2.0378 4.0755 -23.46 0
2 24 2.0786 -23.46 2.6723 1.4049 -23.46 2.0823
2 24 -4.0755 -23.46 0 -3.5295 -23.46 2.0378
2 24 -2.1069 -23.46 2.6796 -1.3983 -23.46 2.0823
2 24 -5.4127 0 -3.125 -6.25 0 0
2 24 -7.9689 0 -2.1353 -8.25 0 0
2 24 -5.8336 0 -5.8336 -4.125 0 -7.1447
2 24 -5.4127 0 -3.125 -3.125 0 -5.4127
2 24 0 0 -6.25 -3.125 0 -5.4127
2 24 -2.1353 0 -7.9689 -4.125 0 -7.1447
2 24 2.1353 0 -7.9689 4.125 0 -7.1447
2 24 0 0 -6.25 3.125 0 -5.4127
2 24 5.4127 0 -3.125 3.125 0 -5.4127
2 24 5.8336 0 -5.8336 4.125 0 -7.1447
2 24 7.9689 0 -2.1353 8.25 0 0
2 24 5.4127 0 -3.125 6.25 0 0
2 24 5.4127 0 3.125 6.25 0 0
2 24 7.9689 0 2.1353 8.25 0 0
2 24 5.8336 0 5.8336 4.125 0 7.1447
2 24 5.4127 0 3.125 3.125 0 5.4127
2 24 0 0 6.25 3.125 0 5.4127
2 24 2.1353 0 7.9689 4.125 0 7.1447
2 24 -2.1353 0 7.9689 -4.125 0 7.1447
2 24 0 0 6.25 -3.125 0 5.4127
2 24 -5.4127 0 3.125 -3.125 0 5.4127
2 24 -5.8336 0 5.8336 -4.125 0 7.1447
2 24 -7.9689 0 2.1353 -8.25 0 0
2 24 -5.4127 0 3.125 -6.25 0 0
0 STEP
